0.01780715732557739 0.015484541905990745 0.9877079252143702
0.23944138633019696 0.24115180288556845 3.9574148729676226
0.11683174601249968 0.14288132854024344 2.450068660956302
0.008855897615714342 0.23286408831472422 6.4012830466689525
0.1178670177665401 0.054050917854662206 0.9394273755457252
0.22793522052582627 0.1710255873530869 2.0138772473538142
0.03340900679320091 0.2312090151676128 6.228570268228917
0.20466591642582913 0.1272896430915809 1.361898022848765
0.1513720982890096 0.1381925630190015 2.0490952727091125
0.14601377292461398 0.1868221529881538 3.468388016046672
0.07874466300371397 0.17203956723071367 3.598963656296166
0.10258956292389335 0.09194629389647158 1.4682944162978062
0.03916352000194054 0.05840063683128341 1.2465906671086757
0.2247479000952085 0.1049370916919139 0.8972290305650681
0.2047799761551109 0.13381350006384587 1.4765437289362775
0.008563046990207407 0.1429824593481656 3.0252492776921724
0.10182312743196134 0.031358152163160374 0.8507805561236194
0.051190119985471905 0.1750949722396287 3.8749870162295204
0.11486205686871626 0.14875912829129184 2.6212787723751494
0.02774690393173307 0.2215886994883208 5.821370715264205
0.07692662194228234 0.17961263970949295 3.869057489974272
0.14604113907322294 0.06162798454817042 0.8916544963411569
0.12136720403181883 0.1790902386074262 3.4734244523528752
0.23121993591868828 0.18331013339705213 2.2770594537287456
0.1366171841426688 0.11520696290984489 1.6774793317149839
0.08973251005297819 0.10376158801746285 1.7446208941310442
0.05686734525494025 0.12554072447327883 2.385395259094906
0.15087441407917604 0.19380720963055414 3.646623386923168
0.090069821320164 0.0071510498217272345 0.8280653826992943
0.08462074386552851 0.06291486353755801 1.1487721890036382
0.0796598523789101 0.06436912842323081 1.1836979038189555
0.14645794375544235 0.14532263757154634 2.2629788275016787
0.017916725280345047 0.0751174024232559 1.5239376047269821
0.1534881710061897 0.12752349320177975 1.7974517909155305
0.02698111101944828 0.06146581508942894 1.3156742151739678
0.001207157938103165 0.020612359495149668 1.040068070571251
0.14820410573414922 0.014243140446081437 0.7315181183535032
0.23704590758353278 0.008393139960783974 0.8105602172833498
0.031724086232536974 0.2246956144668246 5.941243922559089
0.1650187252009671 0.19359827644606134 3.4649948183359616
0.09595059276760345 0.16842146815593304 3.352245421679947
0.01563417077301335 0.020091007834290076 1.0083647616569702
0.18098023162331492 0.21810877587306624 4.1064384491199135
0.12660287626834163 0.21850060214170008 4.8623263238174195
0.15087773499678478 0.08196530441782868 1.0714869889122616
0.09281531590111192 0.10638342010791355 1.7788566492548896
0.0572260864272599 0.02415299575770158 0.932412453666573
0.2085647511355802 0.22170765299209214 3.8021930498001524
0.1103827409620535 0.12202591044658423 1.9979357186459716
0.24105490127169435 0.08022728367617615 0.6249262988209059
0.06547477563858681 0.05251937657872416 1.1059741285582452
0.14185897762836924 0.07314086463213784 1.0174851308642026
0.21732387301724257 0.17664938037689856 2.2875281722997913
0.22218604307414097 0.161323137260738 1.85842033015079
0.012212867610690376 0.006755089214145971 0.9800872567405197
0.08856268087602917 0.07637287844728746 1.3003476349397327
0.0746887697903601 0.2458536930805517 6.629421926593291
0.007852424226952731 0.20673766470344315 5.255853880724454
0.2144427427362703 0.23227558681340593 4.087492773183888
0.09441229546878083 0.22925646799916924 5.675183445247412
0.22171600402600566 0.05560928163460491 0.6098878993564163
0.037625269787801896 0.09260354428922271 1.7576881285664405
0.2296509294946133 0.08190917049597221 0.678524369813279
0.015049519472636913 0.16932216187071408 3.8294621400406017
0.11854023943037892 0.13710577975259206 2.2911997891646156
0.21498956523941423 0.01740427501722222 0.6992789407636922
0.11002260431450778 0.1476066858840782 2.6281311718129126
0.022421646098774367 0.23070233469996593 6.254845228575934
0.09893119833417871 0.12618791834639748 2.1668334714190625
0.1538948395954753 0.059852001649454756 0.8467091136118807
0.14672267242471781 0.019449242146562545 0.7285141310329257
0.11028163269014413 0.10183963596063705 1.5958059216018197
0.16319686898685148 0.10034322221758335 1.2435559515545056
0.001065877180270125 0.13686597386741114 2.8710677636033655
0.1325636466295886 0.045586667348172266 0.8309217083669684
0.08023324899294679 0.13573749659363057 2.51782304022194
0.04582115870955192 0.0831244595567662 1.5669603948073956
0.22176857758076546 0.06965957009631585 0.6475800932541299
0.23388069461558145 0.1292396010945255 1.1425513300221968
0.0522665246773458 0.17701056628378314 3.9355079404223527
0.054906431033499625 0.15838956316767505 3.3073361620930877
0.0492263816415536 0.02844362749823412 0.9716765473583979
0.12493415182005191 0.16139797738264128 2.8911961770850034
0.10622892189407723 0.08249293883269385 1.3058897220386445
0.24299107903438652 0.19924188109958874 2.538588460920832
0.1103824699628507 0.18875393232526755 3.909103220310198
0.10065983135252085 3.4873717994221565E-4 0.8183847479850692
0.22317745469397318 0.17466183029473295 2.1622967588868947
0.03131259347861448 0.029053559423816655 1.0171650787504936
0.05320313873345206 0.2449106587001721 6.756701038748099
0.196087373983043 0.2216655739330572 4.003060700882625
0.008057104728607462 0.1796347517289658 4.208483264214869
0.22208635063517915 0.14445485337063033 1.5101690200696432
0.06321761710083795 0.23861759697712018 6.382268690833101
0.15324706840811522 0.17479353104023326 3.0064278523952694
0.23765086495514343 0.013997716436860791 0.761633088844719
0.1458704684729158 0.19267220867785828 3.6671280980199827
0.21948962101426783 0.22320893926084395 3.67286015570596
0.13888532334143966 0.1948612638019089 3.8240757963965324
0.09024668066985173 0.09722257755522573 1.6211421446775178
0.0035870361906640003 0.20809791123019675 5.322777364807376
0.20271603254028167 0.09655147255010713 0.9432171818273906
0.17880922350262873 0.13085377184474284 1.6521001687242811
0.2259666140054423 0.17893104518746766 2.2342048134229158
0.0252700192339389 0.17547408537315892 4.006844143588468
0.18064790831683428 0.24810998247400035 5.314342112684064
0.0871803827161349 0.1637783977698433 3.2723957548843874
0.19920361483803256 0.23276339512358857 4.369314269120035
0.13011018758650383 0.04957395632735928 0.8632798170046743
0.008529234085158127 0.22818368269674957 6.186474140055898
0.2315784647262023 0.2009569706636532 2.761036968523632
0.2471110361117358 0.031109591558010546 0.6565676367053921
0.08486729312198127 0.17376301738866992 3.6117098841776327
0.1947486755317096 0.20982144874514583 3.6031982437074825
0.03715469483618655 0.19507682502965604 4.678898824618576
0.060590434851529706 0.07746060302500005 1.4269779192311702
0.22021996115054093 0.10232308998310621 0.8977835214869794
0.14439965110968184 0.07642374397744606 1.0408820630039568
0.19569561935668628 0.04913353093851905 0.6586490637054689
0.20672278010858247 0.13563784071439547 1.4923953901023008
0.0771234195003192 0.14392201225688098 2.755383386116863
0.0059440385397287465 0.030538958705854297 1.0811943812116227
0.10791744155876795 0.08089820937851544 1.2753957288143185
0.18408847686089091 0.15765839594192502 2.1976086614754493
0.16774555448299522 0.006111703989260586 0.7411657493287125
0.008674846247319123 0.18186204460349728 4.287369322160403
0.14981132336453276 0.08304215870777798 1.0900413463679393
0.15492150778998756 0.22449401897533502 4.733915812940734
0.09805146364930678 0.23323758378988635 5.814257881003876
0.24117314467255915 0.13494323060058377 1.165315763044255
0.16635983432234097 0.0775516345252586 0.9437178629330263
0.2105429697087654 0.17648151040268006 2.3696883920841407
0.11160694066722227 0.19264194666980824 4.035935830156591
0.1334545533196439 0.15961462230692064 2.7617527609582764
0.15844496503861924 0.17556565228562265 2.972061474897549
0.08901936802846741 0.1726424840078017 3.5430888542692722
0.17667108644293808 0.17654431706344276 2.7899991827687245
0.21800063622377613 0.0896425214568938 0.7889176532408108
0.19126799650963025 0.01626951155127579 0.6953130487341764
0.07649093300137316 0.23067020772960464 5.907242780873539
0.05114844642716046 0.24948143940741108 6.9945657120512905
0.057370507290648604 0.15761327300202232 3.270075177524252
0.11510145439797051 0.07097697267404227 1.116304883578272
0.13611530063813343 0.11184137922467449 1.617047110970285
0.07247097439761468 0.0336897779297928 0.9411805750759975
0.03858790319142527 0.03656039997874311 1.0473133452526777
0.0016936240990445828 0.16103382764053115 3.5897126047619303
0.12107187605299397 0.22761063760474767 5.307380232459736
0.23198009041243475 0.18731336098175042 2.372042165246781
0.046999131439090874 0.1713409548484689 3.7687752322858517
0.012145771823250745 0.1006756524500324 1.9864465220761152
0.24057214576740865 0.0571456436541915 0.5767838556265055
0.15587916861563414 0.14281972794370568 2.1172725056566404
0.09479712711471802 0.045268771069125774 0.9510325945116687
0.22458246744538432 0.1884726820620106 2.5066494427275625
0.010321325643153384 0.1275604835328762 2.6039149116332827
0.1773267952324721 0.2355068233512487 4.8409224532157635
0.041906979303392156 0.09001252310611652 1.6968601828970966
0.012435372276476453 0.08349445185836157 1.669836343263801
0.23137656813460267 0.1711053046380471 1.973056899026143
0.24674109332036784 0.1644836614655414 1.6407466636860626
0.10942818864802051 0.009266317757464115 0.7938515917015213
0.12666062115131824 0.16482715224543526 2.9763966569069087
0.10384714347095755 0.13606989578974182 2.372739767371412
0.23988536706885433 0.041007544466105605 0.6051229634711178
0.19832904129515283 0.09920076039133946 1.0010743334590997
0.19771038364166044 0.035576416709441255 0.644902730725294
0.14438179796898998 0.040659092473682074 0.7713379605180403
0.035805498187321094 0.09156064817753246 1.7446938605161084
0.08858832897607219 0.21120214632756662 4.965966508139137
0.1855786164416947 0.14498844710940176 1.8853908657951644
0.1388886873232862 0.2215977919493464 4.834354231367172
0.04918929688261797 0.14554884605232515 2.9526394749159355
0.15647981726109014 0.06490773027453589 0.8749184664800174
0.11874160477432236 0.06482217975746216 1.0338946863599479
0.17443316816829532 0.09172337886341209 1.057286056219614
0.21421816732210822 0.1000054754253473 0.9103077992949247
0.06019467496649794 0.18204480787214922 4.066653967124623
0.025313351430945097 0.018605412834530155 0.9822869173476239
0.1067587507642635 0.08332342999530404 1.3152148644291204
0.22948140370559794 0.11618297822937976 0.99719399994963
0.156497261164173 0.02408144118029401 0.7115136764526464
0.022236342375413914 0.0749076191801506 1.5097536716589373
0.13237650541458534 0.016476411230716942 0.7528801760520341
0.18602342282501988 0.11541512950048355 1.3155901961190057
0.22360954051529172 0.22919663108133997 3.8138814439629467
0.09082782016803079 0.2282623147131677 5.667149427565819
0.19666832791213584 0.19415330058242863 3.062585276211034
0.013094239922073397 0.2041327355712525 5.134003208472626
0.1280194544602771 0.1565778075517033 2.7256407886360763
0.1295020363982397 0.15387178289053283 2.6374352744283174
0.03194925790192252 0.08833785221691642 1.6995497845099639
0.2386734918600535 0.22041556929736283 3.25122574477785
0.13540855065140045 0.008553334600199691 0.7570874025201921
0.18698864977216015 0.23472694164177788 4.651480571051953
0.18193421634207196 0.04392335521235263 0.6809460003173702
0.1243383535356184 0.15696338509995508 2.769103378219148
0.12839418512164905 0.11356796602080999 1.7022056291647814
0.09186771310392161 0.02227518857677077 0.8438463893620434
0.18155452545119938 0.2396436783749422 4.941582722839195
 
