0.14608657420214627 0.12244517323078175 1.7513677165763366
0.19679408795414757 0.1495726527444659 1.8737953688566695
0.16080186447768663 0.22913404206334495 4.836399351843513
0.09500002681398109 0.2421332123295925 6.252968579495253
0.11081242878324501 0.1435450367557505 2.5137214238261207
0.17418032036851128 0.19755802128305494 3.478205474896337
0.052037978557081754 0.19987663560903485 4.786181004771779
0.04636934438395757 0.06432740986093813 1.2960130132915164
0.24625294207680537 0.18421695093005327 2.0952482660065006
0.017172063231921886 0.06655269035121275 1.4049604997836618
0.06795428895749711 0.1842901417713383 4.096924772316954
0.08183104891561435 0.16955159027656475 3.495218109964971
0.18475301047148762 0.12951448553944275 1.5743775581734056
0.10189491336141834 0.19804384988514437 4.328268217015566
0.22052524992384936 0.13569860794216163 1.3656510022216175
0.09254943676557467 0.12043898144233667 2.0750363864416297
0.054162838480771774 0.22207150082352572 5.6967493209178865
0.029432448752649193 0.0074635435261447 0.9463537745993903
0.23317886150636274 0.1170235210408121 0.9805311876007734
0.07032594359434582 0.13846326832285877 2.6469869323610764
0.19065249936700066 0.212929840066789 3.773144739110445
0.08150348283994296 0.014115572860553732 0.8492200589816338
0.046038277973986325 0.019734337791724982 0.9410711369687884
0.11070831779955354 0.1400011200878042 2.4227127938436364
0.245218530969108 0.20159116326404453 2.570760933737962
0.20874738846253577 0.12150830843648006 1.2334333918080345
0.15284375116970447 0.21079273241571891 4.230731184284748
0.019508670494876118 0.10688254445400397 2.0956299153063194
0.2004841077699565 0.1584571818734387 2.037846578810285
0.08384399089619557 0.18188245266775427 3.8966863296194427
0.0674064149190694 0.13200477937274815 2.494365388143523
0.0862068776451928 0.2064682768895492 4.7965767200149205
0.12689431999466252 0.18532220914949674 3.625855745996168
0.06419460474661176 0.04122277831515414 1.0133863244120465
0.029945499490992733 0.1886949060205414 4.467821115205503
0.15021592638378226 0.13879320089593136 2.073036518820767
0.06990821812247741 0.1320821500962509 2.4829272997042375
0.2213908314104342 0.07354296774910435 0.6663997527346416
0.12616053623883472 0.07711592782199841 1.1381326387324306
0.14848575003995595 8.14841219054202E-4 0.7701612973571692
0.02228906978456946 3.2399640718058786E-4 0.9559216492618513
0.15719760808129835 0.0257325785465381 0.7104202161203133
0.05439010230527991 0.012509025180121147 0.9032997458003319
0.14542216439205882 0.020306051002366876 0.7303740985763325
0.24809447811705135 0.12695987033827164 0.9931956454191307
0.13827711196820477 0.05675519543354296 0.8842029164806532
0.08870866365639232 0.13222783856025452 2.37695832642276
0.15859736958048098 0.0744309365955971 0.9507886517556546
0.03746786255830631 0.20356965866653584 5.013569910017707
0.14438006099500844 0.16748686304434876 2.8824514237115992
0.09831312779562953 0.16084074400673515 3.0984355294402066
0.15622868793761213 0.2205430199603999 4.55886805366438
0.03383293067086093 0.2496164054775234 7.107299278231823
0.23723099415928964 0.02998381666744168 0.6509578279223365
0.04605059550533766 0.23662526778424042 6.4092606979962286
0.1649020487355113 0.029244818359495633 0.6978097130607337
0.08759263638892287 0.22019834660933105 5.3492120221720505
0.21983409330845885 0.03746860731200727 0.6204493732087878
0.20143892482915185 0.11136883822403218 1.1388391591998532
0.23851675413512752 0.07224779470448486 0.6034421762303085
0.1529342327827344 0.2415018308650902 5.47484636683073
0.11842607921994769 0.2088236662051639 4.57183488937981
0.11603165438482413 0.2478898428186132 6.276978332472803
0.10192816586035983 0.23007180050691398 5.632570881601533
0.05684195385640828 0.029619064838146775 0.9591800558618808
0.08180277540830636 0.14388140691583448 2.725187874471
0.22147886010535517 0.15219310110066886 1.669885573223354
0.09526478913879216 0.047123059802681694 0.9633083952309351
0.03191891670659047 0.11089480911527305 2.1444543428062506
0.10524589676044643 0.03829983757255709 0.8746948338091644
0.22313546083298383 0.08967380144355322 0.7625947898004841
0.10739639529503636 0.1741897582523605 3.4424312288651704
0.21711978042126162 0.024466053971735208 0.6643167516386881
0.048776602405140174 0.07931288754185614 1.496705842530123
0.024568638133523446 0.14728392104957985 3.102977472578813
0.2495296688517457 8.942801995879546E-4 0.9398429257159105
0.14299573255692472 1.587669332991648E-4 0.7756207176284875
0.23196241648414392 0.1061443521166037 0.8638061502010748
0.23081577958482585 0.16607530951118238 1.8640144997290298
0.08240800376042456 0.14314118955506974 2.701110334116271
0.030553363787878263 0.16740573473106296 3.7111270064525335
0.2000040431925406 0.23137465026776727 4.302357305890499
0.09074469100060276 0.1310333378645603 2.334698244972061
0.023092007260258257 0.013100014052155162 0.9701416052776392
0.045329029505499274 0.16334961623858515 3.513000987620172
0.06832864436541103 0.18204938655329553 4.014398634347137
0.05136744772783747 0.16761532518584288 3.621635219962914
0.11979719256341215 0.01176184492249524 0.7754275448574733
0.21078015651575238 0.07079520842810111 0.6923894824547463
0.1654161711710098 0.1818187911656035 3.0822044562282054
0.15945961744050108 0.10690770239138606 1.3704125979861317
0.19576557718986112 0.19660887300503482 3.152198005557988
0.2475952221353646 0.17917505124852184 1.9554857074329064
0.00608527534671624 0.007897105579860064 0.9940445577891722
0.10833631583741773 0.143816019121462 2.5395572652126246
0.17564753590239363 0.08943591245239615 1.022763798570307
0.1680237949170116 0.12419234924762088 1.6130233519227715
0.18996535987296898 0.1691309821966035 2.4262305499924857
0.04013667306744598 0.1752018781661811 3.934718552888909
0.22037073123562465 0.10186293432771268 0.8919073337424921
0.016828321463116497 0.024305389857813026 1.0243331465315575
0.13238140814280908 0.2139659673035333 4.611673779712232
0.02646831571349767 0.21738077851568063 5.642795141287487
0.10897242772882304 0.11857775625087336 1.9324781669971929
0.21295916963054176 0.044717404502962715 0.6194734900672987
0.09737800809856328 0.23960010035974624 6.110138543133377
0.2127633546142387 0.11489503531245224 1.1045305278307649
0.1183719439385178 0.09084782284291396 1.3676436701870631
0.00855449151384055 0.132036002154207 2.724382857201053
0.0651093202893564 0.23611370451520014 6.2505980735105435
0.17419754109699315 0.06497575219990667 0.8018801016570013
0.21455967686320318 0.0553402659683542 0.6255737076758011
0.1443665115042506 0.22526622393771398 4.911047688759395
0.028321363480145745 0.211864447934802 5.398890859889241
0.09352402415869551 0.04460796405362896 0.9503014116429804
0.18117936531178577 0.0557892558926682 0.7231985165263652
0.09321571154248495 0.061301272053910866 1.099061085848759
0.1251533276504189 0.1089367489772591 1.6353492946530621
0.18367341400925075 0.03961297960613189 0.6698430744142433
0.12398006223835123 0.007549681480430198 0.7735283210316407
0.0955745989562437 0.005574993276069612 0.8192523176880808
0.07798438673344016 0.07993450607789679 1.3955384879822927
0.09047159010208247 0.037661999110722044 0.9141306357375804
0.10211445463521607 0.10757625437035459 1.7499891844566084
0.0038824898849529887 0.15104014979868788 3.273107454182364
0.22055264084044576 0.009906331556354536 0.7575947548958881
0.07332690504951958 0.05963506449496431 1.1531185716529841
0.1997600363971008 0.20486707711541738 3.361663300353893
0.014692980644139625 0.24113657446735973 6.775107847327717
0.20807268453506025 0.22969226833571957 4.101571293314603
0.07423828028980148 0.0662394413637456 1.2258252066639532
0.16403970755580902 0.10891080561453592 1.3712588021966685
0.18025560894981785 0.03491324874850882 0.6725670702620373
0.06757838806149563 0.17948107007381647 3.928908901961781
0.09797582068896488 0.139301410208682 2.4959123595914776
0.047718430095473774 0.12617633220264024 2.4419434368287276
0.15363326745923295 0.04496836880571173 0.7619837715037071
0.058217512889030376 0.09386713358927534 1.7055784736294561
0.13878544580703786 0.14964562765116066 2.4416951912109064
0.10765237777466016 0.1771841998193537 3.538460158574946
0.18395698144440184 0.1413715032335636 1.8222249488497728
0.12372460132736346 0.09219612496754975 1.3590403800425288
0.20146915197328794 0.18597604438898596 2.7513669628125195
0.022467271632675506 0.15919870528808422 3.4739464814900742
0.19091952551047348 0.07723178674387926 0.8209244639711267
0.0317988379437916 0.1204883565645388 2.3648933944665806
0.02719244201549792 0.08167249038250213 1.6013705889200416
0.05544234791960134 0.03207982948258292 0.9763238198048628
0.06010954146676839 0.05407640422943971 1.1380480063845966
0.1076133281247402 0.0037289693315006867 0.8025188271378243
0.1968704864965975 0.1889169679668717 2.8997889283127245
0.10107662591301175 0.16733396172599704 3.2766534035635537
0.11328766020219705 0.007703229406334777 0.7888913506504339
0.031182448671757707 0.17981405777265397 4.137043266745655
0.09748457379272069 0.1120637131349625 1.8663991158683695
0.11631396892702159 0.0629026176667642 1.0246770123928817
0.020206187227433448 0.10767179609166119 2.1105418894062873
0.23081376979121332 0.24894166343663787 4.420191918591407
0.04918046688272648 0.17466709734249003 3.8710081920483272
0.24990351470701608 0.08872805278379411 0.6316890584794929
0.2310739460051559 0.02609667307123867 0.6657680619017552
0.21737114190051787 0.03473682454464741 0.6281664194222789
0.20350010683660877 0.2070814356678039 3.379038547050367
0.045872048609446964 0.24063499125438215 6.600051845951909
0.07126782196692497 0.09390721386049111 1.6515867962266642
0.016575508077397577 0.16589970637660767 3.710286432660236
0.13559836096657382 0.05404674573828752 0.8743525428486928
0.15958489762269212 0.19256738165052592 3.4985399513288424
0.2023925659477526 0.025237817505736254 0.6609049714119443
0.16906998155833117 0.2496658230669132 5.578132820916321
0.1157963059196305 0.014174536294275647 0.7818748102118318
0.08737184598520273 0.24971939360915424 6.693431699744859
0.2162904241513198 0.2031127928009654 3.0581465225245044
0.08047578450293827 0.020867492777741914 0.8662352764866464
0.10832261515295666 0.235747690291556 5.813311357913907
0.22319472310009578 0.11759959115632676 1.0628895281148534
0.19110219249244462 0.08208975531374471 0.8619754856805925
0.06616558556778387 0.1628855238629532 3.384513880450408
0.10759460626346651 0.15574847112194046 2.8749402493210403
0.11833314773860953 0.21456740183601028 4.799955042660838
0.10098118233601619 0.07602577066725483 1.2415749168404817
0.24798082319316136 0.059280253501482805 0.5660231260240749
0.23489055300310052 0.1315287820455519 1.1684042776721877
0.1325650326654514 0.06788096819774797 1.0055276800904835
0.033561719693384146 0.1116302312140999 2.155112863413877
0.022619524206641706 0.04739094572647007 1.1750394980428969
0.08076477088513412 0.22703666084818389 5.707623152323143
0.2278184063216162 0.14579536854602138 1.4778754091987132
0.23178373008799913 0.09096851004819376 0.7288738432829291
0.13392125866366034 0.05769264611464339 0.9081601958005581
0.09105707935038121 0.1780131305041534 3.706724095275641
0.2177711165821565 0.04075036242349206 0.6163361158947519
0.039174962233422705 0.06858050056228943 1.3726989899833382
0.1937757312157039 0.08519952055129582 0.8770544583563322
0.10684816616239529 0.1230734567758742 2.044447114318003
0.09937494155951501 0.2311866421429875 5.708993014844673
0.14019239714756762 0.011378094810685552 0.7461180226780838
0.05888157728320742 0.0017038256267954133 0.8860147781200853
0.23121246631377002 8.6842260958786E-5 0.8758951778910751
0.1547807525636428 0.21202969182370862 4.2515262567435075
