0.2250959367014888 0.208631939831089 3.095731226582302
0.14241078957637093 0.03539825964043042 0.7583129126948943
0.08653612320405366 0.19221699316049456 4.246877849869467
0.16217582423952234 0.04765901654978255 0.7475658452636896
0.23780533044545163 0.09071766481275922 0.6976742489678123
0.24168166844489558 0.17018843921084462 1.8244879939770913
0.2273182280946301 0.19342534241392106 2.6063934254184824
0.2012932206267364 0.15525210406383116 1.954301938713237
0.21214392190572354 0.04657929406562736 0.6209650262424621
0.12894765703673508 0.2389865287162159 5.703086026935272
0.01529544376408093 0.17672883911643422 4.084687630316745
0.06217316395088743 0.018281052424235916 0.9002999829071641
0.18788130058270305 0.02151225073046184 0.6785452838646049
0.1858073253299193 0.16716044545377168 2.422142771002178
0.0905310551845421 0.2256359766567027 5.555153674947003
0.0384647950273905 0.21990962932036362 5.69572032250929
0.09273529465376201 0.17883178967415983 3.7210210890576554
0.09018851993489221 0.05858253547176703 1.0822627138719398
0.20578153656184361 0.0868761315018178 0.8290758655485347
0.18091633276967192 0.22324981232352276 4.300650528369737
0.06482096042008967 0.22637511156183535 5.810659787804274
0.19440419844347157 0.21436565905471827 3.7667752574142934
0.15826706828611997 0.08895028291290819 1.1168585628174963
0.23506985271124492 0.07797174435705254 0.6367102950896818
0.06820561411628806 0.12070423703751745 2.2150528151551216
0.22585532318073342 0.006106801321103861 0.8009353367891633
0.23378649516923472 0.2084021049643931 2.9508657605583877
0.0036539378238501508 0.19675317059379163 4.863361126699452
0.13067152255577266 0.20467375667160428 4.275059595980252
0.15510743758496437 0.04992710868899458 0.7807628793644971
0.023528162231154004 0.12072342964403679 2.39757666046092
0.009650797382787402 0.17910743867862977 4.185403531804324
0.09528781041170897 0.14652754718751018 2.7076933789760096
0.13856743016285605 0.19009759562310555 3.6626330121353425
0.03642822169092025 0.13530814034693503 2.7235647578850166
0.1485143648802103 0.22262905569820043 4.74796213181715
0.08989310561163683 0.11118841875139479 1.8914132733159332
0.005487118558310744 0.11353935722615194 2.2774908266703933
0.09242806907913337 0.22636867149188603 5.5684913932889835
0.0805159614242848 0.22419597506502995 5.585352684113261
0.23109053093693227 0.1569048862828944 1.662489264875795
0.07152015309409715 0.22898762335761283 5.873964051407048
0.04448226184636658 0.18422901524843846 4.234532923232216
0.17669408591640232 0.23616753036975033 4.878148857178966
0.14185660614609644 0.16291900908164814 2.7754716316651735
0.1235588183080154 0.007108439551366613 0.774804999433989
0.18966874788513285 0.22390842414158554 4.188562723416205
0.1443849240322836 0.005117239660110212 0.7568197140394255
0.17436554019050698 0.15631942653495853 2.2671583056104136
0.2330773380135847 0.040357263849173236 0.6076802618802725
0.04225271822428048 0.2004098055172999 4.862449584907855
0.020810027403100395 0.13313939906303632 2.71991031842583
0.04213062871587808 0.21874363664686253 5.62505310060238
0.11770818976375114 0.14386838589340148 2.4687812226039614
0.20405582376911252 0.14262690536626596 1.6533872940486243
0.035697917072579355 0.2142686389170608 5.466535589587187
0.12806415259903262 0.21609359486253385 4.748008243855025
0.08327802120911307 0.13116434004933236 2.3836663941680865
0.12998222867094567 0.1302843091539727 2.042635853106697
0.1564159676313121 0.11105140789749543 1.4613380862253647
0.047557468498845984 0.15692865571390494 3.299333098535727
0.14102969844354915 0.21097429154359745 4.389174479783427
0.1490530818745657 0.10082435529187778 1.3420250988113929
0.19158927581281707 0.09880856388960371 1.0391951464038425
0.10818277471528717 0.047699962700107346 0.9249124042508694
0.2072571402960357 0.013950513372373852 0.7125702953420956
0.16380099677394003 0.2356550242880635 5.05998583522647
0.14168302827741497 0.16762798680073293 2.9139235503527225
0.12011815951638466 0.17549032569242512 3.368287338023443
0.10507933641373315 0.0705719795320236 1.1552688058303906
0.013376047881482805 0.13767281166777445 2.8638838844217793
0.04752492521949625 0.0846264386327853 1.585654547138807
0.07389747296904231 0.06142364471123063 1.1708494807363516
0.150580312991192 0.12402417928728299 1.7486909593488376
0.04821489865562059 0.07447473152128845 1.4264579237859016
0.150244224815662 0.13151957669276534 1.9090134076999346
0.014586590317985093 0.14040798455717865 2.93650944522953
0.16804142722695178 0.22434417616704438 4.537921388001878
0.02662460850750234 0.12417343828041369 2.471809620307504
0.23860398191312232 0.2450393098725244 4.11816515916062
0.003987635888436453 0.035376275325095574 1.117076235007046
0.09149268544451289 0.11261998101257845 1.9121723902363192
0.006132634411408183 0.12322958191609701 2.505398554431511
0.12220305156376968 0.1002374802438902 1.4982029232172405
0.12497269644125958 0.10668881592600057 1.5950589484670243
0.12230953860211538 0.21653330560907752 4.8335354886914965
0.21495469621163601 0.1282154307245642 1.2888586513580802
0.23152437306131146 0.2392149798065617 4.0357156215844
0.044548661874034834 0.019861538881889823 0.9448458137046012
0.22508182591391826 0.14103480906620655 1.4172257407602067
0.20143194468196896 0.16592380797660708 2.208947608609395
0.158306170279459 0.1603153237505046 2.5378259444597493
0.21475466818009556 0.1372841781284618 1.4477088541550858
0.05648135569727036 0.10044078613189814 1.8359961805733114
0.12178906976553536 0.10873647904292136 1.653048710211963
0.01221255230359053 0.09532177330642189 1.881506932410728
0.10299375261931848 0.10209230367835109 1.6415632395602073
0.23435469172318382 0.05074047107236768 0.5879613581435144
0.08906491657367946 0.07466593654991718 1.2751370892770169
0.03228014084065908 0.01469705376042138 0.9551277546687554
0.1559002798317217 0.04485746360024112 0.7547451359396576
0.1667677329048938 0.09340295659400447 1.1245002338953922
0.06856711059855872 0.06398477792090593 1.2190185403337994
0.20411725124060143 0.21340476629439026 3.582923505315042
0.013344709732118515 0.1562592500174565 3.409621785326233
0.22322865273897052 0.03447282134637325 0.6269611875420765
0.11770232118537571 0.10685660981856906 1.6434007801651251
0.19633219959730944 0.14235148521148927 1.7234329043001773
0.05167723425191309 0.18140358359811515 4.093866279106547
0.09281572114128683 0.04524350459752996 0.9571498228725343
0.08053369638392821 0.00888263472806472 0.8459928244783966
0.24216730187796862 0.21298867087324402 2.9565072074167436
0.14781187425538206 0.20395111705947191 4.042366372507886
0.23643660303198463 0.18329750485708035 2.2059837176015913
0.15991701813164397 0.09397794919158026 1.1736569306140665
0.15481512451030865 0.11511343647377492 1.5450915862833758
0.11825260653736702 0.15071993481189 2.6471588325121758
0.15294569915258216 0.09520248015373298 1.2331699380491639
0.10256716490449297 0.15649160276291274 2.936155894114272
0.22739353561276465 4.07218883901328E-4 0.8600959166949952
0.09966305076243215 0.009926492105910178 0.8106066260456716
0.24134607690323617 0.034652265275485206 0.6312313089189613
0.04490643637587924 0.14698449375901476 3.013773084480415
0.08105614796206148 0.1967514233556297 4.461351411906999
0.20008131791737885 0.06872899129695073 0.7222185653495661
0.10380255482065642 0.14234191161887128 2.5341558632492767
0.1300462992802279 0.17857919371792574 3.370446301928637
0.08721471219644525 0.1808591351605993 3.834827796975623
0.06238153709865629 0.03823714790433372 0.9970910360390328
0.19669250524849222 0.24636579662037866 4.9583120768412225
0.06875410715872415 0.003295681645123505 0.8674238165860587
0.052349956354172444 0.09926189903512461 1.8296783062605315
0.04408369014623684 0.24665244908426817 6.902029245063996
0.0494209444086246 0.0044278842020743225 0.9039947438686101
0.12975640347533882 0.17028716005145775 3.1120275422771906
0.16638756249328546 0.19019069117037615 3.3357254814942054
0.030113216928785297 0.14370298199071074 2.979755164479775
0.08322646138666742 0.021653162715450924 0.8621607568175849
0.10723027323627563 0.14038990592502285 2.4583415808450395
0.028115711299705665 0.02139007903240242 0.9869933641789501
0.20761207108311078 0.17203688807760523 2.2902792572323167
0.12470457200391699 0.1402893176011477 2.322101129157601
0.12583443269471573 0.19390131932690613 3.934951617722385
0.1236208351382532 0.02140475149253529 0.7717891134104576
0.19440268715008485 0.12373847052500325 1.3876596523271623
0.021275013698796558 0.1600877900457806 3.5062411521655013
0.20613152041134963 0.031000143242265438 0.6434293118329385
0.19621815387730107 0.09437730093152699 0.9582750549149419
0.22520649234388546 0.1626310611339861 1.852759106179597
0.07831959532971175 0.06065316150689229 1.146729112414444
0.07575318053237959 0.026722974535833693 0.8982668142732191
0.00885344953980352 0.17089649008937996 3.900254036018344
0.16221847418816981 0.005530716713728068 0.7450758355011786
0.10021713106087954 0.10955001352461166 1.7997643648278014
0.02415953380328742 0.16491111973704595 3.6526152595051578
0.062452797535082094 0.10993497286853995 2.00332884082074
0.1591394204922295 0.06811471160723606 0.8901394167331957
0.13000204057807943 0.052456275334193975 0.883317548082431
0.1613445359104389 0.23804184286072558 5.198157821344141
0.14619668630972282 0.17941555471344658 3.226710118137549
0.12026731496105345 0.19356905842923294 3.9817836595379283
0.04487315038382478 0.14415217703306357 2.932604817606028
0.0033388652349489456 0.21235806830175083 5.502454872820687
0.15819514817706523 0.155445071670176 2.40955653124958
0.15874955892906112 0.1446789323931074 2.13518984257953
0.22727929890799958 0.09163379287685361 0.7569206359968761
0.11986180049532957 0.22021061022402558 5.01180856240113
0.19754046168615183 0.14275489738071825 1.7199878557706823
0.07059746712117448 0.10252622198717212 1.815237529024548
0.0938082857713941 0.043140320397741655 0.939109221354595
0.1419737806547645 0.20402701569656218 4.117043647067379
0.2412139756464582 0.031387211132333726 0.6475639957753125
0.15356470606834557 0.22745813911915258 4.872995866820253
0.07660569902031425 0.06938408550751082 1.2560808448725005
0.24008106845398425 0.048821001727387986 0.5852523497830537
0.031823628207787835 0.06716606415620796 1.3749916727643352
0.012491124943852794 0.15049106119772912 3.235235992886441
0.2145502444887296 0.14577239878953904 1.6117498753032682
0.24514418945648886 0.10265666844298627 0.7509511227071047
0.11464870552371728 0.0759922562239152 1.1788331520179285
0.05521367166187066 0.07581356620973217 1.422095971332789
0.07391210179290936 0.20691027363124279 4.915739249243712
0.14844166296199468 0.04698142944843478 0.7873843983085383
0.02496840408474918 0.1945011584561025 4.709544313289208
0.19564585331785148 0.23755283512445807 4.618059486368346
0.030720862197140486 0.15717309601091953 3.3802622346264135
0.02774058677878835 0.14124183230272672 2.9185348527256174
0.18915081016742943 0.02212251860629158 0.6761237050278858
0.09312730528970817 0.016468343568157295 0.8284952980857041
0.009569619421606418 0.03363831060722511 1.0934906682119596
0.01022564995286454 0.1786962194576636 4.169151206888215
0.16547877294126462 0.17208127856343708 2.790178369343471
0.06964513483294849 0.08473706366629177 1.5037473624345594
0.08608182264772954 0.08016517392968198 1.3645768013967192
0.19503811868072388 0.052838408182740076 0.6698633103050016
0.16318930516879193 0.011378509254008545 0.7235152216914464
0.15902848614210552 0.009494111035128122 0.7321842856096985
0.1727673379948307 0.053911629825228596 0.7422170433433259
0.02077639744338472 0.14634636776408708 3.087989096200331
0.09070303088147635 0.19229153925336392 4.214794973541764 
