0.22164339082544834 0.24301904967559484 4.3652985212378645
0.17468225842232737 0.14844959620305156 2.0720324211246344
0.09294950237822078 0.09698231734844534 1.603183999536231
0.1533020683890784 0.07080035008849625 0.9406152806986176
0.049375781715018524 0.20134693561928654 4.86016415148892
0.19897725858481752 0.16363327970796035 2.1802625938794185
0.0310798384216881 0.20736373348926593 5.198810520055137
0.07067786417909427 0.09782065641191168 1.7252931885201155
0.08789997682152959 0.04920193028592251 1.0039483643816438
0.06301635402810099 0.13240835021864197 2.527552082213163
0.1151739064678606 0.010216561313213995 0.7838465311551177
0.0932661080203093 0.12820671010123993 2.2503859798798174
0.057728824122520256 0.2158852401532607 5.405736724102141
0.11222216763018222 0.10107643907137168 1.5710669575376837
0.15111176556815079 0.12205593665396428 1.7050953112408562
0.018935098649363158 0.09705213022303621 1.8974534191185115
0.11019356458626922 0.003915049855104824 0.7985247863108642
0.24494449410712626 0.033994915449198 0.6377238444840354
0.11790679704789511 0.05191502691786526 0.9225873430021208
0.1357968261687699 0.05607708714492679 0.8884963022839559
0.011067383856829538 0.19579346898097452 4.806701038781673
0.1963531326201708 0.13807523468511249 1.6362849019315322
0.20598168095461913 0.20677072259351487 3.331303252146401
0.1816750872097992 0.15618488355128457 2.186963406118118
0.15385511542981853 0.2210304144975127 4.611019362444829
0.15712387889205584 0.16086843334920348 2.5649535591285484
0.2148956354926425 0.08466769508756683 0.7645180978316457
0.019714383323768736 0.14510947709070146 3.0553714696445238
0.040444374422317686 0.09143227366964171 1.7270886111847075
0.06773788725088584 0.19837042251554077 4.624259043694951
0.10446827724413668 0.019798628977537674 0.8098714032263895
0.027199835837465658 0.07253675297885873 1.4618199589592875
0.17931345412562422 0.12516317838964086 1.5386098785089142
0.24171472198457997 0.11117992897624604 0.8532941930985729
0.05574539385284394 0.1562984339784162 3.2383614872438593
0.007158492900768781 0.2075823856140399 5.292651731326283
0.16399129983446598 0.042586618445512286 0.7235390531696325
0.03359950027667599 0.2101419425521069 5.30257401717792
0.21075195903089317 0.14001029873055426 1.5367320425499083
0.24481232342947884 0.2360090509627584 3.6705834036439997
0.006964905179937725 0.0793953345328719 1.6157105574101585
0.08002432130931822 0.18510945407460938 4.039923040986238
0.07247767970227606 0.07998128553486775 1.4187291104869708
0.14345320475355855 0.11706584926184121 1.6646470563160776
0.11672933928899734 0.07503716079973266 1.1573033371077295
0.20466437821625932 0.06295623974326389 0.6769478982243466
0.10904040700606438 0.14394542686301917 2.5376775813458936
0.1868102117123057 0.04233272400882804 0.6668050618050863
0.11817585244326245 0.056944744689900656 0.9623350986930083
0.14040900521370667 0.04347361613148518 0.7953453413728289
0.1684727028355767 0.2145520209059657 4.157326159147154
0.037479549396918305 0.001452716297930201 0.9264458482260387
0.029013259246720963 0.15357690514396377 3.275617425530634
0.03456806590506814 0.12428388242935323 2.4471473189708126
0.1230769178509625 0.0955969808177706 1.4161991066365829
0.143487375814686 0.022134816259021528 0.7338529455056609
0.11741800785954734 0.23177943585165867 5.531021680048156
0.01543384754310645 0.23840333135567746 6.641633314070705
0.2247940335258643 0.07001507089115738 0.6389019025309008
0.0375559442195883 0.214310293497745 5.4589329415131935
0.078608139895574 0.21647318725775655 5.271317399582249
0.16101892126226616 0.19058755091562657 3.4151958904313107
0.21553160740181834 0.17389077815093193 2.239407118315401
0.076143231289792 0.06082525153039983 1.156313462946693
0.23053656630441574 0.11317723960318929 0.9524356409806268
0.023290209433133452 0.24109196362892643 6.740369642413753
0.048896180281828905 0.11324571779433149 2.133478947754366
0.17782647903418405 0.20955227134788712 3.8418783117695545
0.24139889550076388 0.06637494296155608 0.5820390922417101
0.1737195357499231 0.24798027511346932 5.426501727340418
0.14227536719013217 0.06286031537649042 0.9173212387341871
0.18309989670217341 0.08430392076734614 0.9251698473715291
0.21415114034165594 0.09923072782234515 0.9023943007526526
0.04847109105540304 0.09161373953378901 1.702218662638424
0.14071501504397127 0.14888761387866276 2.404713419736232
0.020156907738059004 0.19443097421666272 4.724649869870113
0.015732642659719964 0.24266533365849524 6.845422060371769
0.18404599179395842 0.1674540125194378 2.450171581813331
0.236536699155818 0.22951698394764924 3.5954395399942753
0.17372714148806953 0.08548810284667546 0.9886130753070055
0.051189502837651085 0.07429748382685591 1.4140022929793217
0.24670432125636654 0.045812448771300945 0.5901063554460484
0.151140924748056 0.15044562455961696 2.3487899293254264
0.016538593816919994 0.18584992618238982 4.4110564018611615
0.24539383636811402 2.5962629949488614E-4 0.9289327378802179
0.07148495902950011 0.2096785497683041 5.046965271249149
0.19794128138417436 0.21441554485243727 3.7140214901037902
0.12547518800695803 0.11666015726834891 1.7832002662862383
0.057554161648134566 0.17539566612892776 3.849466400637857
0.23914350127020845 0.09426053986448471 0.7163279646232066
0.15787488855880916 0.16657397584702013 2.7156326582982393
0.017000132157068054 0.09499671575566443 1.8632437974336662
0.16621225026539976 0.01984845256889506 0.7012518326739907
0.03182855672749699 0.21437070354572121 5.489504476524638
0.011434445543261479 0.05991491956557665 1.3346765898351964
0.048915272789438524 0.1226355762761144 2.3503969937688916
0.024921730987014 0.10254487411060081 1.989623352906642
0.17081681612715774 0.22828844537228504 4.652026379631822
0.13366724794321733 0.17755970417354677 3.3007105482787353
0.048026879996908384 0.21529619488584392 5.442710374917613
0.05130376939490455 0.22458632621868313 5.826393423501822
0.05212706994690697 0.0992338078219929 1.8300080435394852
0.12108635926807254 0.0011343327468653908 0.7907887127609055
0.03578806570164347 0.23975131631433283 6.616524053935281
0.024675131142230716 0.0980523733618634 1.900782388577197
0.008333641114053186 0.07808425768586638 1.5920331958158456
0.231939402414071 0.02700144399988455 0.661711295875546
0.23648823869289126 0.2386839582350383 3.922972227117551
0.07994396753879568 0.07822549119447905 1.362521970221286
0.18739943559342948 0.04346758612714097 0.6672903202693821
0.23378012769569215 0.044604715416463436 0.5971899926644672
0.11505986693243506 0.1856744442112469 3.756525110462104
0.2479685774231067 0.21974456706016995 3.070052214712288
0.20184895260038768 0.047863720017014916 0.642115560297014
0.014788239091302557 0.05368349172928624 1.2564906946771832
0.0040728073718196145 0.17520018281335042 4.0608001706018015
0.05507453432050141 0.23969510241592348 6.4937695362234695
0.014101589654394259 0.23084825054243216 6.29191004973698
0.12778261484841022 0.059615463601984026 0.9481401834263256
0.19198665072125876 0.11503113347895133 1.2639757869545991
0.006925408630598429 0.033143838188586544 1.0957308508272199
0.0862855488177677 0.07311051208954786 1.2660674728697652
0.24837339852660179 0.0486452222999591 0.5819574619933677
0.15723126504584553 0.05090371062872115 0.7788090620576844
0.09444247943142645 0.1991256814694688 4.437878061844575
0.1353525955160653 0.02737897455733157 0.7558210470564506
0.09119813573904878 0.007256483539520409 0.8260333192038026
0.19518589435936323 0.06585590828458007 0.7247784825009009
0.021968693583166832 0.09759067877353331 1.8995426762758552
0.14681410480717447 0.12488686219869854 1.7956863311704567
0.1406873712033735 0.16244578953742214 2.773401844374268
0.24762716186673622 0.009106525225636264 0.8386813462098779
0.170372186625122 0.020318916131443404 0.6958648273245434
0.11291858130303672 0.2185106559728509 5.020633259736785
0.11530494655534079 0.18215555136828487 3.6340661272046573
0.05671623157993538 0.1218612636152272 2.297436781501804
0.12028470696787691 0.12131111545534876 1.9154353520899634
0.023591033594349414 0.0862144725999601 1.6871026650968228
0.14670837069532788 0.1376241456570884 2.0760461719981094
0.0780954611945712 0.18992848613959956 4.229239613753502
0.12317024111045968 0.0646627497046805 1.0137746626843194
0.20095451045410836 0.18093297916451742 2.6139113623934684
0.21777452733542554 0.09191100035737637 0.8097704866758009
0.15016490239747238 0.1655275517405363 2.7664920807754667
0.22041914226892 0.16042948913367605 1.8586742747798655
0.1307541144777565 0.12552574518887258 1.9312755282542615
0.21593605612686462 0.24135437805442725 4.406577686840215
0.22910889394816064 0.01317237528408105 0.7488676202681039
0.02316308808580894 0.07149181046012984 1.457675554158217
0.006503753869672585 0.11393581954580151 2.2842081975345323
0.020773718601750535 0.09921971890086984 1.9347943933349308
0.06174306458897191 0.09701320761612026 1.7489687466087145
0.22800619402136565 0.23692651976980045 4.016243524670169
0.014676024402216409 0.19218532796084994 4.65610921034861
0.10731004246796053 0.023296361520062037 0.810774359178478
0.2307521569021527 0.239519286934908 4.061495201763259
0.006367528002153289 0.21989311971616288 5.820820932187562
0.20175547294383867 0.2053409436658749 3.3476848009074915
0.20894961695847714 0.20170043134155083 3.1234403221421854
0.06938883084384401 0.14388528901342387 2.8000969657473354
0.21763045164814238 5.426693844541586E-4 0.8313165723536564
0.07647558429105311 0.009081980388401217 0.8539428762570985
0.14651123777910913 0.02364171284128619 0.7289166388441372
0.005203904639410534 0.18504431474597036 4.412756963577721
0.20879397218669413 0.04695713257228029 0.6271374238889352
0.16305981161864944 0.10700401052963435 1.3471342774803081
0.24229734327374441 0.07441233426645552 0.5987759194524702
0.2048782197097047 0.1366702922604815 1.528936874980221
0.025821558314119197 0.05962685354250752 1.2966529833323035
0.03378689728804199 0.18729072977606953 4.398719308115771
0.05064596829076376 0.056355060828514575 1.1906099901839546
0.2047265556477557 0.21405253765888493 3.595663181871242
0.17438255754713547 0.09747410198399661 1.1314132446563878
0.16170091794948693 0.09488692070611973 1.1752604518118153
0.19891055864956578 6.901190576538707E-5 0.7977408419887607
0.023943832206891807 0.12522533486318177 2.5064984452155294
0.1301817372427711 0.10593044358254705 1.5483840664921869
0.24678623548548265 0.08780536515921697 0.6397023003640088
0.19531295650986488 0.1926106299040246 3.0334178700728653
0.07016391442372322 0.13523533637158702 2.5627263016020163
0.11157204026290765 0.18007573078864375 3.599199118766458
0.23142775979140884 0.038700429406295034 0.6127804298687908
0.12261485670187389 0.06194769210234624 0.9898903583319641
0.20940139753537876 0.21092959511097575 3.4166405046866593
0.1896460905005255 0.20834658008043652 3.6281923212804594
0.03347678875975077 0.05534123335639771 1.2281537916497303
0.1990530759849999 0.06942415401679344 0.7303320561678578
0.18494659654481216 0.12614702732733218 1.509641210467354
0.12350152993062044 0.10482213217119007 1.570519177658553
0.08774276254609353 0.056117122250384815 1.0666467340383246
4.839148040696184E-4 0.22449377020877112 6.038767176725668
0.1322841115056357 0.2196961297389633 4.841295306480855
0.12087573544137026 0.15059482176124878 2.6220209894495152
0.09923121052174894 0.14920833903796474 2.753547344668039
0.20018193674690524 0.14848005941614145 1.8149221546080665
0.249605273474038 0.061001782559141654 0.5632615082965767
0.0368450175976163 0.02723414513620412 0.9946273101689906
0.2239482559308772 0.2265546550045734 3.7140170016897973
0.24523849556368701 0.17662071080789046 1.9263958062268172
0.24598476955608312 0.09080392249739067 0.6603201886446433
 
