0.2299888937707181 0.004701809385288941 0.22178164050071975 0.061934146510204846 0.11100400079757392 0.15363220031173155 12.17103788403081
0.14909985712645984 0.18689587751957257 0.15916760343609768 0.15866701413049036 0.15130142902348342 0.19998516358630475 14.27999240967028
0.0294694156420173 0.24536743864624275 0.12102916940366595 0.086096888146489 0.06481919358187319 0.2074136943036688 15.311265977942348
0.16735428613425862 0.17769584790123388 0.05326427960435276 0.12578727116278965 0.09579573881096415 0.14080804382541073 10.019250726195375
0.004276144252891412 0.15672189494541874 0.1570309160815695 0.023330133591136337 0.0027377359262487078 0.14242866957671863 10.601043665643914
0.23877421878036412 0.09585866034215926 0.12821871041158805 0.21388401534235682 0.15503655444300232 0.21255524259031186 13.703372710809981
0.020142982230695744 0.19681479697147622 0.20577743047873592 0.018440917557990377 0.17653335474469029 4.2306073606046546E-4 13.781550413623677
0.2378228727284935 0.02995216380252011 0.24516031120802653 0.013363778108149427 0.03484601102215562 0.1675930939030562 13.140745303353182
0.15112736047485534 0.10302193471052257 1.9361617520877172E-4 0.22308295279713616 0.1541927310448897 0.11223114228178802 11.347072014152719
0.021390752478274655 0.24852469284343168 0.09245741084759557 0.02223415171148413 0.11926682869242036 0.21181010319383425 15.659101168818209
0.1464420011609634 0.2019063037423708 0.23782043392671737 0.22072885823736674 0.19903001602742026 0.14104616754310462 16.31823831973386
0.07317645651617566 0.1780632381055092 0.022272841518419934 0.019883386024955763 0.17128790135005817 0.14132727898736044 11.341783195980396
0.09163150515567453 0.14786176876262214 0.144396145416616 0.17374859445788618 0.06187319763505669 0.21222670119016687 14.073771246483787
0.015687247916801622 0.08759298176636293 0.08654545126548946 0.1609787169558179 0.15006804350683617 0.19699646473649599 12.38862331826505
0.22471832515404 0.15535119963278307 0.2165349518744003 0.01509628486786263 0.15451539395529035 0.11412806459955027 11.710507624822048
0.1542193816553044 0.24944195535811226 0.05284649600743532 0.1858381846957759 0.17986767746476703 0.22041922068855213 17.611826896748784
0.05471054311440765 0.02514637760972102 0.2292497795238298 0.19973444787210112 0.17345420737311537 0.01660662078607736 13.005412695442129
0.11878966127289645 0.13988377626178136 0.19545235654191487 0.08235119746190722 0.14657187228180715 0.09097090798458712 11.041375958932077
0.10881863772021946 0.18026035344381125 0.07380239873427799 0.028239227685523977 0.08595985915410737 0.04569009160437568 8.034848558436014
0.18878830101362923 0.09224857203456235 0.1640551696754663 0.15293154957217334 0.205549555074361 0.123753863846356 11.840033747301128
0.05587134516465145 0.022233552407552204 0.08828768980967377 0.1070321093487143 0.22571783762684688 0.12444063716414513 10.99855782806031
0.02110978001549571 0.21865652243213984 0.23180050415881664 0.23808209150701792 0.15964255756285212 0.11353073608738956 16.82617149737515
0.11675046950558146 0.19309313282696786 0.007470363563126886 0.1163730827606553 0.0726845435279499 0.2412578177237819 14.637778621406024
0.005691882456029862 0.12478049635511368 0.21579635272318956 0.07593357124798167 0.20831446622337355 0.019503340279515807 13.661464980031365
0.07818232397121758 0.03265085845741822 0.2396912094203065 0.2186270874678912 0.11137422909481465 0.23777693049069204 17.60963190575216
0.0927547510677075 0.20498361029293324 0.0968801792509669 0.18459085126852712 0.22841303903856142 0.15030445446393187 15.497953176959989
0.12392842078597599 0.15483783618253832 0.12714626834350828 0.1553801933353805 0.22356335308970143 0.06911391583752727 12.521312477195794
0.17358036395986587 0.1228046033931881 0.09126096848233942 0.24127786211477614 0.02361135112833737 0.12775927512777877 12.410744749334967
0.08731069645534445 0.13049535723062552 0.1615161602170391 0.10273377837860789 0.1253534627477455 0.02949118982685142 9.3839336183436
0.20140937086406338 0.20407831344251687 0.1446706605682681 0.19911840448919813 0.12339159706746505 0.1318504687482952 12.38424462590002
0.11108651868795749 0.007449043415870549 0.05978414665893947 0.17954440844447872 0.15467618231063385 0.15624937517181556 10.752883632515893
0.21095584911789858 0.14698045642406152 0.02986462517678573 0.07892311930270676 0.22342183670466778 0.20788488951096568 12.621394304777613
0.07495643962952209 0.07178947487024245 0.15513028366660375 0.13350425996949733 0.0036542014154073155 0.1749083620027659 11.138351237711483
0.23415211500977787 0.1849754530475619 0.18070317233458938 0.249573609290129 0.2373498083033604 1.122730273690753E-4 14.992743722730184
0.017442657274117784 0.10706538945198449 0.22502543758196722 0.16477112714366784 0.020749450886828974 0.1772865203632079 14.155133767643777
0.06603426904732504 0.12502294423624452 0.09062632930288131 0.06650289844698593 0.1753992254751175 0.16398544787616895 11.072437299111105
0.1375187022005265 0.1905665178109405 0.1630726449477352 0.08635922371299126 0.2303350273926267 0.2337203295355807 16.6685593839537
0.1581657930480218 0.02446308398941696 0.04010175025776211 0.22336719026958649 0.17770283815783056 0.15187870701008316 12.015638638075355
0.062201039759268634 0.028031153581504792 0.05275474640505304 0.06469128172147431 0.23221973829955023 0.07914727985231873 10.16107158262198
0.10766999725942983 0.16575270349700455 0.09658043367788438 0.08728700532287204 0.010042823789485511 0.06439537581802493 7.997275778308108
0.1593307444096776 0.2199592365061637 0.2200459735455068 0.03258956135449392 0.15073441209470387 0.13122310624197606 13.755880097970886
0.017803815355377756 0.18866377761945044 0.0016378622604283355 0.13300650751687326 0.17659297283542866 0.061397578576400325 12.097406970810788
0.009978580308149465 0.17424514059862828 0.22783150987434156 0.020547639696345876 0.05225657932535302 0.14674014743737915 13.488808817167824
0.18105397086523273 0.24468280422821692 0.22330791823684096 0.11597803998318298 0.018368397072717646 0.18358059115516767 14.548285074120678
0.23229930069672197 0.13106481683145166 0.02825290453618587 0.1103770276920974 0.24150526962496396 0.050396883082274635 10.728086189351366
0.0779729856111612 0.09816383808419088 0.10713477071907801 0.07872464148685998 0.24738732441064687 0.09679127318593542 12.070503468189257
0.1682411790931751 0.19686024494148394 0.10945850824299574 0.22826190218953332 0.08058025734033539 0.12743920351797705 13.133452387631811
0.09439639221596083 0.2132901624788938 0.2071728380940229 0.1688663793692465 0.06503589092714496 0.23735437218516545 17.57800883960997
0.006284249529195096 0.14485991435735318 0.21078697021269588 0.06188237554664058 0.20055003587263817 0.10885245141957661 13.93196619841817
0.13629373321761423 0.03508894284930833 0.018057571775871195 0.06091721055691046 0.07880069550117685 0.10742255532487316 6.382701246082956
0.21733584855199564 0.0298571682076621 0.03514811896333181 0.008581028766816878 0.19341063063464062 0.19462873485395968 10.480889341112437
0.2153047842599813 0.1466200148269026 0.21134991960266175 0.01736716469428895 0.1643951331628366 0.04480533384072416 11.03827414740238
0.22705466566024357 0.13493894528533734 0.10928940124835249 0.2385494791625249 0.08244215608594321 0.0071673641706360425 10.285960864235243
0.08899880156213921 0.013024661729898523 0.10362482586742047 0.04766036137099289 0.2203544420116783 0.1718592486636295 11.607941366811058
0.03620456913312614 0.16751573899726968 0.031747367955791445 0.18870121977347437 0.07138281554309725 0.09308685476006609 11.268856921733967
0.16806844950063662 0.10637202124170611 0.20022924137455766 0.22646267083978155 0.17941063509271687 0.16283581145507217 14.403153479530845
0.031156999458375467 0.20134922130046198 0.05458258146102621 0.08927379184766834 0.017420006357583756 0.14763531546580275 11.22434053214351
0.14803121895425705 0.09318021653359682 0.017277746700096963 0.01508337673238283 0.17538240432159358 0.20858599451599444 10.931284182101319
0.24936588040909466 0.1203072179119665 0.01848253730088878 0.21626799929408289 0.00976578954778523 0.12148148933527597 10.507757234160458
0.18556025671087542 0.2091163551550223 0.23528387482252994 0.1420735365194239 0.16592634686480914 0.10170918746905269 13.45229879796203
0.12953151258882936 0.008296352613108515 0.1014911241057857 0.20858364850507657 0.11453912265432145 0.03495217193790345 9.478578085837857
0.16930258489226385 0.19269395983837168 0.08084285350281004 0.24086936536413747 0.08029471745154809 0.2141117436072332 16.343777196331068
0.033250069081560446 0.0482310944043392 0.1494844281330078 0.23915083907477702 0.01781973257047839 0.16975228252169966 14.221341463198893
0.23196665814015413 0.20178821129814045 0.16798656833625503 0.01388221196218678 0.19723127841464502 0.04250458185977321 11.249919138817358
0.07421276125615806 0.04099326616231841 0.03156150875307731 0.0844828166064123 0.21206867900880275 0.08286207851538738 9.4291131158842
0.11457256741014074 0.24347908961107143 0.10822408917708129 0.19365736467739317 0.21131052029045527 0.20562123475859317 17.891935433931614
0.03247398024694767 0.13311976016871252 0.005755128851800018 0.19689073114929734 0.0266281453963651 0.09165179117993144 10.7440702722247
0.07505686695743796 0.059109229851177975 0.017861236033104744 0.002632149435223302 0.06638702148678052 0.03987728702379062 5.445353840162978
0.11495016501810607 0.24942638805026549 0.23989122991668885 0.24810274106746041 0.20071818350019185 0.013287081152835362 17.50589019129737
0.2319105342636274 0.12250787143496236 0.11296020672988008 0.1736194642903422 0.12237045078631698 0.007819005599629308 8.474983203772702
0.04914129668323933 0.06393451920162616 0.15903725890754278 0.032219218424322904 0.08724059883725485 0.005219409354336152 7.785161141312634
0.04920220383654966 0.18008422089688567 0.13625530352956294 0.13342615482536008 0.07627799303884586 0.006023462889583858 9.822174392783745
0.21508451384766625 0.10931235394420552 0.18477835737300452 0.08981290706496808 0.20778030942741457 0.09696372848970622 11.502418291046418
0.10220030870091656 0.08693295397020298 0.15648354768097583 0.17198622742123112 0.030439941594902847 0.08611438821882683 9.681222418294473
0.23075429576267129 0.07157636578920559 0.19254660346878824 0.19354721459697002 0.00346211718541492 0.17646146183306227 12.972904424118779
0.06285646978453435 0.0732216337075762 0.0689188262743804 0.0690472672751393 0.18984542616384426 0.08424748230551884 9.082072271663982
0.10851644959074949 0.1930187164216963 0.14140249845134767 0.16893779791972388 0.24277579491130097 0.04711003712841952 14.638846751364273
0.011648907384299495 0.00994412950923343 0.15641599434117767 0.22979392662862475 0.12691411927026733 0.19079580575858038 14.294084055814913
0.04482299021826058 0.012234988687009618 0.07602909246485734 0.1618221692260802 0.15612510358295456 0.20401093039063875 12.09287114637864
0.2167083336301917 0.2326262312262349 0.09297628946537032 0.13982572479051078 0.12546602011373925 0.0830303623843161 10.423351436728218
0.09210275028196643 0.15572207818800915 0.06324803429724055 0.15672881806864605 0.21768635626911004 0.19014632536348688 14.157974039216853
0.17276029777434873 0.025759011629671036 0.0367380874054109 0.1386270479735669 0.05633540531032 0.1393429513875236 8.202107293676558
0.14075757482458584 0.06079938618345479 0.10510308215234676 0.047651922368695254 0.08817971586299747 0.035040247230012284 6.302304075253955
0.21121663038899194 0.21961241240774299 0.2163770479318423 0.12907534370059554 0.04493614703753032 0.2039977482186766 14.24185261586075
0.06031644042743842 0.1045770884765583 0.16748061852573295 0.11473969364100225 0.06736155771095023 0.09999327956369464 9.457273034886446
0.1287350157791616 0.004646110329206005 0.1641672937853225 0.1386294292026252 0.11613462400405314 0.126525171244204 10.144478731504673
0.012130165314495539 0.13835359315323761 0.17734779025272024 0.11709370960844018 0.23243871038362449 0.15520051656639997 14.717993196679924
0.03473957568533367 0.026986551511658907 0.2404103652959957 0.12562278606758875 0.044022625737048904 0.10968585298410902 11.645847781348081
0.10150662090971727 0.13116974459978467 0.17298788663507994 0.12325373742533646 0.008185569663062608 0.19497077480285607 12.56084822480506
0.23875663441412212 0.09137857361676752 0.07758126897639808 0.08155755866961192 0.04360662039873914 0.01443461602129087 5.3345023512511265
0.1848917311030654 0.010280925280951314 0.24009896388208696 0.16700681648675864 0.22631258976766624 0.107860723667039 14.784576046963025
0.23596872353048914 0.11564688828210104 0.04837093442682028 0.06745321615322272 0.21804093211399836 0.18950383760742004 11.231728178404481
0.03759396525528011 0.10002842664809464 0.18229525097656638 0.08691144417609722 0.03558973405309415 0.1088207748255878 9.633041673073869
0.20412603789605907 0.10301730132451672 0.07982213054925005 0.08914937265529052 0.06883134048266862 0.1171024138664398 7.15530250278368
0.2196301243214486 0.05400016891815726 0.05741259220469025 0.23336718856417488 0.07037109628371435 0.06042029042656252 9.770861574550246
0.14687874900564607 0.07564935114469362 0.0959608440877596 0.16299566544030994 0.1374218398476626 0.19479102470368562 11.639072944783202
0.10153784111225839 0.09846610544164583 0.011067742689274573 0.10718680118389776 0.0734969191537462 0.2098779055867898 10.742669881883906
0.15770437457061304 0.14442160884532473 0.07371765597793009 0.04958209456666646 0.22475122602748507 0.05684650936274385 10.652766172585883
0.12845525388090723 0.007857172045526939 0.00615764058572596 0.1784426171944613 0.2000668923693669 0.19796842317072977 12.565046767569092
0.23490384775813392 0.1763877449106351 0.14151398741303906 0.1890716464313352 0.1307273628394523 0.22636736104229369 14.24138779335589
0.00941094221157815 0.015527175946966593 0.08140891881926912 0.12386084152569177 0.0012835618308295882 0.204910951082832 10.83488655772042
0.15162566731107766 0.11238602921364788 0.08665529659770035 0.10729246671368811 0.21811598235646015 0.08199946038044306 10.479902121010097
0.11959720834947563 0.07519527411654048 0.17369878022514174 0.0152267345957246 0.10245744209239907 0.03706368813669081 8.421099339653578
0.07555180592056657 0.13303675403572218 0.06662872996494829 0.2270303812887455 0.0850770320792622 0.12047567039384335 12.122055251565076
0.24641744740117 0.03031235812584701 0.05766764515773834 0.09014081188027931 0.09634532950069216 0.07665888247693367 6.441044979622827
0.19074006095830084 0.07180165288923099 0.24054503825176152 0.11393285667766631 0.22750555099366868 0.04816467178740305 14.059147809644115
0.1453033819494793 0.07012799113880888 0.09212998387726351 0.14003043643864496 0.1722609778917132 0.064907314339223 9.029696064118076
0.24916659382827902 0.2289062357652265 0.20029487584781694 0.21109414269806853 0.03644531327722755 0.09151404210062056 12.062203946294215
0.19869054546029694 0.10245502988416577 0.2159637450778892 0.008573372429363402 0.24285239836324307 0.1665847493304799 15.433869558548974
0.021748530840364266 0.049740465139035794 0.23650695385324255 0.07073665416181846 0.05714227654253726 0.0776495273107442 10.762320058211655
0.0411204353980377 0.10403744778621615 0.0065200193798992945 0.20662903445375103 0.06408252355292104 0.17168355682563613 12.385658496327137
0.028050479402790623 0.2458551741187164 0.12210082972471586 0.22543710095818512 0.13479127428430415 0.052456772425210074 15.273534960703122
0.07520536277275552 0.12002255143473525 0.10114351675758518 0.21740037768086026 0.0697802038470886 0.02687090051908439 10.366709647532579
0.20049009340891666 0.1058610189095347 0.2361194467569835 0.1550664496514715 0.1377032096447891 0.22422385569629305 15.460818384072391
0.1071471254096775 0.12432188162833532 0.13713065758105772 0.187863680909515 0.11014588942537945 0.15634061816613892 12.011737364966006
0.032656572318671945 0.21741374855662368 0.23260689076713942 0.04902112066317779 0.13148124345268053 0.09636242194944675 14.205401021716568
0.1266431530550947 0.1726159140768616 0.0873759358415252 0.12950549368455605 0.2438016654209392 0.22817900334353 15.879811611255036
0.022342441751071918 0.1000340390578639 0.0835640879094155 0.23641832695529844 0.17784344409864675 0.032852086287464 12.147776744443393
0.044343888599894216 0.1794158137157983 0.20806862824957684 0.23309540285340755 0.18536760897288765 0.14858561205662024 16.331948566148185
0.09806272217838699 0.08176202798103388 0.1914706192245387 0.009711962447370354 0.09896556237151097 0.18486728128104 12.153213366673723
0.2305427471030601 0.2299412075141219 0.02110057014434044 0.1886003066475868 0.20512679944980228 0.12219822224362192 13.717077375402944
0.21319685888658796 0.14058627534487872 0.12550300283023078 0.09965581124654091 0.08264148400402482 0.19654767731920988 10.629634775745654
0.22148509253685417 0.09660617894310611 0.07733225045386366 0.24241028983034224 0.21410867492286736 0.10236687502818748 12.476238446409685
0.15443776563151973 0.12421361166469505 0.13641023585834922 0.021699342471206445 0.15517028775033148 0.1520627766751077 10.401646330238641
0.22457514224150465 0.06862631880679651 0.18753812961918004 0.11979816538131796 0.196875619804637 0.12050510199353631 11.64023430669038
0.09096848620878406 0.009061071536089815 0.19802473188324354 0.15574686614288294 0.06767751107389694 0.07499812548252058 9.994038133214984
0.06083997192787985 0.07166795268555909 0.11571359031846112 0.1409741711080045 0.07544016145287857 0.0786172014100282 8.271562593906628
0.2377109841956664 0.1613527407992388 0.15859194463596343 0.24274419149822782 0.027564780110230058 0.1946552326251783 14.960413214158153
0.18227720895187632 0.10255631423962075 0.1544745347694864 0.11422432131748808 0.0010703758770817529 0.11375849629760282 8.649431499589124
0.22010273478633305 0.16989411888778072 0.1624945441045217 0.2327773715478649 0.20995554611692366 0.15210904506020578 14.324639951665613
0.1431681161217825 0.23184264722553594 0.044517223516899906 0.14943529073323636 0.2262584882338088 0.09753136900722686 14.582155005485202
0.05915574722630659 0.23147327862506012 0.07252715569309762 0.10027670966447705 0.10436617002822854 0.08180639450838187 11.475944450704763
0.1380804595551043 0.08450093023980948 0.10952953662459469 0.14981074449828902 0.10683290663599576 0.21775300284607196 12.240114663192019
0.14403889266999875 0.03590278127054369 0.18464505167673895 0.1025145074574694 0.23938041022078407 0.07211576488782734 12.82417511750846
0.19511544954523355 0.046183141821639795 0.004556405119132412 0.15877339281742356 0.17408639600478243 0.15315137231526535 10.19126352539587
0.1250982967878361 0.11846803254243074 0.08106553807555231 0.24786850849916622 0.18284155205062574 0.1305531786308077 13.366471622375887
0.08097077260496324 0.20930761158750255 0.11962072116543854 0.21292408428334458 0.09887319949297346 0.09535441897580446 13.325711820194677
0.0930918332680997 0.22298748442192118 0.013743140708084939 0.21029356672438132 0.18700045170162022 0.20641088487438816 17.798515544080434
0.18459671467791486 0.01978831865613312 0.1913876626847169 0.13049364528131446 0.24389554037338496 0.04553287415651541 13.32303094611774
0.21046260975752742 0.09881678450132494 0.24856982897739635 0.07610234875361394 0.1871689361363072 0.055205132851491256 12.865445775044492
0.09861504580941319 0.21143356961971438 0.05383390338131894 0.2479751736673566 0.11685497172912163 0.1658405132200155 16.380849027182414
0.12771270843406043 0.08994356589361557 0.08116918275132784 0.13850148601045728 0.06872691640935924 0.015736156517611843 7.116725112681277
0.06225028556328613 0.17095085489282602 0.2042447474678546 0.005563864748636738 0.14578658911437908 0.24826624226903307 17.1817930715462
0.05236217656795619 0.11382156081153211 0.007858345750380136 0.21436290157038893 0.19081784213602887 0.1116179130808797 12.432871953119811
0.11629070652525292 0.11209020367503211 0.2234108649159531 0.224658555264606 0.048724309233548146 0.07567069208459132 12.6868326567827
0.23958964495118618 0.17178202044295524 0.05024431734130344 0.1464306756619068 0.0957409963721941 0.03488724649506428 7.752806739878995
0.24955134194880554 0.1027416970975484 0.06863283110293189 0.16799343542868325 0.16286284700715198 0.09162565751857585 9.032538505703137
0.19244981632152872 0.13173751325847044 0.23900111808838254 0.022571991258242746 0.14091047217377786 0.019741357552431393 11.578678788271455
0.23745401725332724 0.08377345720033871 0.10506527470834237 0.024970459519045446 0.1835872343225619 0.11720791135182004 8.93967803832005
0.24554932247008646 0.1774576175278207 0.011641946937714753 0.19177651410617114 0.215299384078568 0.11957969374924188 12.299532799862467
0.0366693121461833 0.043054603643628814 0.20504394782925153 0.07145243869394244 0.09113325064423167 0.10411970310499119 10.211155008150506
0.20923629876477912 0.02694785512195433 0.02055564440369645 0.13439166711102882 0.24452441907937808 0.2103405144546183 13.108937541815031
0.005283125668721522 0.21245343872828962 0.07633783413099735 0.16465363310242984 0.11222214612042064 0.09441630135299059 12.475070110919471
0.12172041246833515 0.03540281261620298 0.08121918053480648 0.15155193663074526 0.09814935806671718 0.15762462846110378 9.617588694360961
0.1156554712818279 0.03963422733780117 0.1787545677609591 0.19982932472565484 0.12578076656433843 0.167716867417188 12.854184946642881
0.14408879041058745 0.11583131897823193 0.2163280948040551 0.1759186947839959 0.03939784760108919 0.0042880837500515745 10.426576396251571
0.21703173887118504 1.9678042662640838E-4 0.15420156239951102 0.17621751325180138 0.22581311889197983 0.19705790580212068 14.45431182663261
0.23791977305159923 0.032765848875856485 0.21960432820925083 0.022692590313702493 0.001264288587408402 0.009062550291656146 8.983792716395758
0.037046731550580136 0.05911110339986511 0.12816626959588168 0.09512567459833823 0.20063206308198572 0.20451943137512935 12.906225408175168
0.23712005734611585 0.05147055566815889 0.12324601125333273 0.09639376064894387 0.23399808605826986 0.1453267014121601 11.639301396280139
0.23552945148395768 0.013495178049409917 0.04062807935414803 0.04318213669554971 0.22598994406608017 0.0074120762754285585 9.71871748640958
0.01472236985259745 0.1567515249719277 0.15537628903858172 0.19512599055410235 0.24711052009205434 0.0024037100716793602 15.40848721886762
0.1904714720273463 0.051567106301133925 0.08165045973657431 0.2485863823135184 0.10016440162277476 0.1751591635998326 13.146283934792855
0.15167934329442062 0.09184990964685733 0.218428396242692 0.10994888837201741 0.21441450742085447 0.16969952876878738 14.459915472760247
0.0546646091488866 0.14507356450215977 0.09132597088814914 0.13769425470497684 0.12176086594976884 0.07604082320861613 9.582647027576984
0.08817586813854086 0.05896310935705423 0.10617178378725733 0.2025780783288807 0.12315658822971343 0.1266235208417216 10.81366629572324
0.22234339435830677 0.10465469402886698 0.1853580112223891 0.21346379211519145 0.225885698030139 0.23168820298020265 16.35789201973281
0.17865586850605344 0.06869099941095125 0.10603908223027464 0.05991650828459266 0.17803676972351967 0.15854752489171792 9.951471934927591
0.18818563087523432 0.019451303108983353 0.13636197677677528 0.176164074585555 0.0014239844165140347 0.06562363383161135 8.917991276071353
0.12962077883909415 0.1261437259075577 0.05455639958991304 0.16889065273995077 0.06783559585735305 0.12106133194354732 9.583208911955289
0.11622931707889159 0.12379341201210808 0.1769548569901844 0.11031416716338388 0.21142374249352033 0.18023871030252198 13.899701086603143
0.2243059071641583 0.19657457360898586 0.07700941659988367 0.0797236471260645 0.16647920353167733 0.2314719373646587 13.1873885653626
0.013656763059676363 0.13502989190922884 0.14387617372611192 0.020071052578678472 0.18004317957360547 0.02438521251238443 10.71703008489456
0.030577150171637923 0.20321575648280582 0.14799536636391686 0.23012312454424283 0.07167191250049298 0.22787117646703411 18.31693588123766
0.22397688929226364 0.03746715595270625 0.0027443978239725386 0.008224937354014028 0.1431603665136059 0.2212245288130376 10.340840810727656
0.19781432368679636 0.1744970622178959 0.00721610783062504 0.23689456883292587 0.08271238097691283 0.20216033907726838 15.11582013552583
0.01590420539869708 0.1479805892861329 0.03060188780772241 0.21158724230712914 0.13557462668680284 0.1631395403081315 13.550317643400582
0.22515875649374234 0.07701663927807634 0.10475997816408028 0.02521196651021801 0.03478286344377077 0.1841727866381586 8.66598556908179
0.09818808243879193 0.08914552237326406 0.0381376831426731 0.22787117500458168 0.2057466964288644 0.2473584819455972 16.21452056266802
0.22730159452787635 0.0945102170226794 0.1322002508641511 0.15918541777197878 0.08986279377739162 0.1294747184380822 9.3066648425742
0.18678849769184958 0.015705390787707052 0.23540135822391442 0.19616648776196088 0.20922966509781257 0.0724736849810538 14.03178621775283
0.23497562518537468 0.1416294986519339 0.07010565558008774 0.16046139011261615 0.13446654867415903 0.09355134402838769 8.809001198700427
0.03912448745638428 0.0898527740654671 0.1839323311570431 0.17479974060595485 0.13433524280346218 0.04225859465090226 10.84353344636213
0.19548714929429384 0.23459237812878664 0.04901336804824749 0.20437425655935765 0.1016415201613049 0.05990007545115039 12.121006385865698
0.15063917667495913 0.030144843810784888 0.23452813057622254 0.24674813073944094 0.108160162055816 0.129094860722509 14.352391933920682
0.08398596308681464 0.22870712127154924 0.17955753444982048 0.11563859646929575 0.06908666833527813 0.12905447710059925 12.838608712204286
0.0816302853753875 0.06790784052015178 0.17336107390179056 0.12383953804655384 0.16786489255763756 0.03491681626791304 10.288977366975907
0.1487200633685924 0.1253996881012194 0.10827651903366389 0.04772991389010953 0.1368628695761679 0.06975188390027165 8.061149995168885
0.14718757139263922 0.0837060499147328 0.23982702463058175 0.16672339320323804 0.061052092357790355 0.1528640887490211 13.053541463959274
0.0432583326080265 0.1486875708332949 0.14863951179655732 0.12194709191637748 0.10696522855727808 0.0823348593504935 10.03770375975913
0.21015886090592475 0.06485873337359885 0.23737091043774894 0.18803624514075093 0.010234674212548395 0.07780352206074648 11.599320672825405
0.1955879749702982 0.09304580722365721 0.17203833649202688 0.1236831406907849 0.12301396519578267 0.028040907475896354 8.723899708182184
0.06633371085894171 0.07308439917774537 0.13358269386734337 0.16131313987075316 0.03971348403207195 0.18853998967889343 11.79605284256148
0.22810505521642982 0.05130002884520707 0.02088278141219574 0.10465151484574275 0.18149415892028004 0.08608684791545856 8.236496169256572
0.15248900715511998 0.1391348844957313 0.08809379284566748 0.018010109742042923 0.11870227558634913 0.028881380674827623 7.280959930629085
0.07381518247678978 0.042558453334250235 0.025517949762123182 0.17072343227778403 0.046336109684002785 0.063393828808775 7.812339612248884
0.04158328515867135 0.15875237704900325 0.006227664650446135 0.07950524296607278 0.02224248262487022 0.09875603463852423 8.54116583425348
0.13254774271023664 0.026259211470648358 0.018449624219056743 0.09562735057974436 0.08617674335552908 0.14942568913585128 7.8738773993123345
0.16521662211420793 0.20144083704612312 0.24296977056449492 0.09013507482733155 0.20134320480260903 0.23030193355350662 17.933284670672833
0.1266609011076284 0.059161284341138015 0.04331872966084238 0.1910450055206868 0.15837899294730418 0.030928102876975033 9.337723532046269
