0.17149059834792804 0.16038891919174347 0.22562080711131427 0.04120012219063504 0.08586158187869869 0.2172548102215557 14.580255010019599
0.24857596937455514 0.17754682139724565 0.0022085994537712483 0.08360902747330945 0.13580977094502306 0.20835761359401078 11.214262223574234
0.036607858091496304 0.11841463507337008 0.02448352328364703 0.004437798618482175 0.11790656463460217 0.03905835622225706 7.262259800063574
0.24252851744656576 0.21702954559452678 0.023198807252841736 0.1989654060399555 0.011488551945042058 0.08747941365659961 11.099163619231614
9.433853885366106E-4 0.18102280564477746 0.02910719449966548 0.026712840178925723 0.1800039652148822 0.12390265591492447 11.628041299364707
0.23015991650955686 0.21717846854946862 0.11059687759142475 0.08240983993616252 0.2225173885175112 0.20598933407745113 14.136339831718232
0.09489967874788754 0.08357451893501769 0.13297525823355485 0.02561495419943005 0.19090340741503198 0.12736784247657068 10.610654722550832
0.12399690844947717 0.04766790522348158 0.16298429422728677 0.1946400574869495 0.15818952452559215 0.046080314983541204 10.735902212528435
0.2066255860744751 0.1151634450002815 0.19207027515712335 0.0682802016930702 0.2427377990554948 0.1655081266694603 14.131670808710288
0.12447803409287495 0.1868545316474403 0.20910581448732896 0.009887063042833238 0.007847574540142926 0.029625345360001165 10.196531520785658
0.07263371971834653 0.06707719574514631 0.0024868927707578925 0.16306723872190942 0.24626349711104437 0.08305701246279337 11.911030059259172
0.06498463919804942 0.18255887912516938 0.2187111260107629 0.11209633410641437 0.16192359117628674 0.2430883395016999 17.607648418823928
0.243493786134833 0.008692500809846654 0.13918724122265666 0.24572130574150847 0.13611451366649965 0.1589677528504555 13.471729091413248
0.005320541752305369 0.22839331061131282 0.09472555422072615 0.03292578451691838 0.0546421770881122 0.19440151503295072 13.637649569640878
0.24010941306395753 0.2183112083077774 0.21210440310693698 0.1483485530265253 0.015396566866026834 0.1527238471553076 12.18725604010105
0.22725807438250412 0.24723038978664416 0.19458147575380794 0.053110492843771284 0.12910404048457172 0.21386210637358052 14.580543744924142
0.02160350229044225 0.05078987296674159 0.17709866909999675 8.999523094906092E-4 0.18852697029944537 0.025762470152110667 11.14762927273021
0.15612985665181608 0.13634503308341242 0.21218477688160103 0.09621482807048806 0.014891422353062594 0.22560332143913345 14.212451707687938
0.03354232927995582 0.15784883006803815 0.03775738860066605 0.23092878736017866 0.09299387439366114 0.032949526004919266 11.939587906861115
0.21999424571286333 0.14639079170903982 0.2278207329633221 0.18095095865304808 0.03494786523681015 0.03538385505237571 10.538006818635484
0.2451210717401318 0.040667376380310566 0.08970319844941144 0.09813740690328937 0.1946634329668458 0.16932822337624612 10.556531092732987
0.012638723900808058 0.2386850371278093 0.20132131359232586 0.16508824359368696 0.052283901665178045 0.004317244705811213 13.175128690415526
0.21601364308766838 0.15777992944550706 0.04193667844456797 0.025668619999855757 0.20740610068488774 0.1773336311463058 11.218844493817747
0.09860955308287606 0.1922798237952297 0.14402084776933818 0.21051136818564734 0.1780463422988032 0.006726796093061621 13.427157201666343
0.10785716825420075 0.23438362782781538 0.14978832287134114 0.12022385940328656 0.03614332744762866 0.21932415204944306 15.42590813919822
0.1375670867982138 0.21398461701106541 0.1574197803955712 0.02520575121393656 0.2406628894730149 0.15356373584716124 15.325479297685202
0.17179666742252295 0.021951214317871476 0.1612910171281386 0.20790481848050177 0.1229334372540885 0.14962616758254454 12.087412021261517
0.21156506159237137 0.09088399842210812 0.22105613704389193 0.24385681894966446 0.16113487095664866 0.15076577894477516 14.464629817430886
0.10215786740118876 0.039513522415191765 0.16320814658859797 0.20217715679628154 0.14842068164339411 0.07932178168526216 11.054384939934474
0.06233862712092492 0.015958016173943962 0.04885199986633715 0.04434569108824024 0.24209999839335591 0.10456015258558632 10.644245333371575
0.24714642703864043 0.040134309332545526 0.06456363874511672 0.16454442229731178 0.05586387572017859 0.11572979381670773 8.315739899335028
0.13635946293893125 0.11316472550842493 0.012157366398991398 0.01270678313666082 0.1080231359005234 0.0830296509381927 6.861382766938801
0.010489169464185266 0.08794574906473879 0.22431911882734332 0.017397092265468983 0.12204122801922299 0.026938682682413007 11.216299558469434
0.1432778879709091 0.13878387362125377 0.04885625963405393 0.11408372997490127 0.13079706289068932 0.04526218930813247 8.120865147282503
0.11313815094958973 0.20264610475405648 0.11582983171824479 0.0220663209945465 0.04859556171271953 0.1298457626399617 10.092844269975028
0.008420595532453834 0.09094778001952075 0.1412301502647155 0.1518780717383146 0.13914646825020338 0.10609381672340493 10.441430975225085
0.21155096776533605 0.029581866159598152 0.17388455736270642 0.09336379109288595 0.0388390305848077 0.17794003370403796 10.609954443308343
0.14224891125315306 0.019099736362128167 0.10079127539279942 0.05163096399247763 0.04152722230833572 0.01583213579052528 5.676146233597911
0.1886406756149161 0.17444482393691246 0.09049627979591143 0.034828533868045186 0.058679254838422484 0.18253696095822183 9.882319156035
0.10910646704627558 0.18962239818137816 0.04600347103592514 0.1902113584412735 0.19069937953529523 0.2004113630587823 15.456373445865967
0.24525638026801388 0.20221019863588183 0.06315909772648434 0.09652860810058128 0.2061586972433883 0.1883314900616943 12.455540998615499
0.054196348864921334 0.18306790128707254 0.09870083121713197 0.054604707727831964 0.13382611157463273 0.22818249769304447 14.022702407707778
0.22401065113053878 0.0902252201920827 0.104023230602101 0.12957982999076753 0.08211672130789538 0.040981490624800776 6.8668110061969525
0.14152668679693942 0.22229852702630534 0.20709441723061653 0.008004624708244812 0.07481215506750855 0.1449812228160674 13.011227943611804
0.14341231855395878 0.14532819872423958 0.24036378827317376 0.038545959738662566 0.014688974771685404 0.13096684796590727 12.063781501443895
0.016549988981692354 0.05941115999853247 0.12752503740474647 0.11400546567742387 0.17564412844355468 0.2492433339498446 14.335143209639215
0.2085935441952739 0.044536381801770386 0.025830320434980153 0.21457388861776405 0.19275105066658413 0.224190259254843 14.04001640646149
0.18539528705653438 0.08257064851576229 0.2135749435110449 0.07247704484687365 0.24073149838174973 0.06375183809709178 13.68821410143094
0.0954373703696916 0.2381865446702408 0.23826291731035545 0.16849454838731254 0.20799378539566726 0.04569391448010349 16.315097491766082
0.19795359877826235 0.19181681242679968 0.019794117196162003 0.10317354940970175 0.11267067627995167 1.0181984155491208E-4 8.320614488864447
0.07761730589719135 0.21344551683506133 0.21334710473290125 0.17418465544371284 0.1920848480269864 0.01846198014814504 14.846264125158305
0.13462586490408132 0.18553658551600247 0.0781266724169073 0.07528663708418581 0.009466156024205058 0.006158712508321812 7.575765470205688
0.08095277856989419 0.05482849483813754 0.20405344708922982 0.12823635168951109 0.16432653389031132 0.22456200884721775 14.944686262561284
0.12627907898708798 0.14660739795078268 0.04814067563116545 0.07299870045964571 0.05204137546317192 0.0856624150871525 7.339823458729877
0.006564692504126363 0.1067712430852572 0.2136691769198619 0.0324211823137443 0.12636219452589537 8.490558840892892E-4 10.943561812421484
0.23387993990085856 0.11921977233932976 0.027369624480744092 0.15862525346485595 0.11685838211638774 0.23269431435127574 12.361260060564577
0.16358257216296332 0.09139794475338153 0.17527803469055062 0.010561966729359856 0.10381373858026074 0.10611456276778156 9.216626825643573
0.22838680369268094 0.22407658622391038 0.13546641218363836 0.09615624381060864 0.15163909212783305 0.0319761029041038 9.804894271356082
0.1436101687693443 0.012409730567089772 0.1427807592737823 0.0812404400852732 0.24025039259633224 0.10090773167677533 11.921976040941372
0.14277952811401223 0.021043395263998316 0.05545085373400946 0.22891424390430373 0.21254234519931586 0.18890877106643633 13.833458905288422
0.202798723556044 0.08348953871304413 0.06797250901381957 0.022270527273198892 0.19659380958160164 0.2152902322602707 11.493990432634282
0.16659310909915784 0.14438868946321187 0.027099139164878633 0.06564314501302265 0.2186998425080865 0.07088715574121981 10.291738673432873
0.1932073092935186 0.006777208856108635 0.014804847832670609 0.08205658036872018 0.2489572937830222 0.043506024719044134 10.700935782261364
0.01899482218540985 0.006504857805878145 0.09147891066422845 0.1696242684946847 0.024750200813699996 0.21373978502373323 12.399574905644931
0.053147270358105125 0.19381441204202743 0.0557588043940862 0.016832856531572654 0.10999698109553274 0.14795596074284315 10.94583907300899
0.11930593319227395 0.19144017693455057 0.18177614390549612 0.16538741942666735 0.1339343862138825 0.17414581353947828 14.11946446728312
0.07641265911898792 0.21789223699985788 0.10624167391010322 0.21134499987174576 0.12312030951010428 0.07796281746612355 13.508637336865263
0.17391792767866293 0.03969897801755867 0.19389003698852994 0.0772426809391015 0.2134269714358555 0.09057020540928373 12.095849563852555
0.1326914192620389 0.1629548653327959 0.08109428524679504 0.22378611650007352 0.09535234961666791 0.16159545998395367 13.376908831100803
0.21578938563117422 0.1105816999581844 0.20078977346979981 0.04320439143329188 0.029876549941773745 0.10163535816493569 8.960940784760789
0.2060319672348075 0.0901211607388124 0.0026565735483160824 0.23373972591571765 0.143302941645478 0.21129154471914022 13.8923795793607
0.16713361431914778 0.19783842287943293 0.2473320981230049 0.206911985151779 0.24661502614308886 0.11191171424114421 16.859943983416844
0.05500741576480034 0.0784814517516147 0.052388322566639084 0.0645084952651852 0.027507881443067483 0.24617649454426715 11.703200882447376
0.14751837831370576 0.11859899140382443 0.1771311476649498 0.02887313103435235 0.21466913406431326 0.04086200525924 11.913230715884604
0.22717479328410825 0.21211024231101128 0.037778077771752794 0.19852250106342126 0.04343477122034939 0.22582195745412853 15.183550869133432
0.018397970892660015 0.09441971068998306 0.20015213349879227 0.12676266310230386 0.1975691656551772 0.14111303704937317 13.46008309017332
0.08156927734030942 0.23020602275553828 0.09319719265395726 0.006522325580960109 0.12264938791686728 0.11172047174761482 11.612692898509328
0.04108409781316982 0.19685113868613727 0.15896803742362967 0.05260663459852771 0.1449984044850364 0.22735605803631928 15.509540511577843
0.13630329870679622 0.08192787081455227 0.14746727957910782 0.01790206493763738 0.1250309004732168 0.07397337649297514 8.325350802773206
0.028335980159531787 0.0381833479870993 0.19307349521408398 0.1424639858377362 0.17256327090110835 0.2169911157640616 14.681579655773191
0.21385824274200255 0.08184393576900847 0.022208097427344614 0.2209740922836211 0.12250439697518115 0.09159769858902861 9.939013531438658
0.24011134395958456 0.1509646370707025 0.23429274912993245 0.2316890343329365 0.06438807249450162 0.24813272378165974 17.78440407245677
0.004361310153427667 0.24594026948401468 0.22351930357522679 0.09798196460346881 0.036526732560149905 0.055452850044059726 13.20642144066045
0.011568833631977082 0.0675164151438476 0.24214846821146777 0.11601610017275815 0.14184932890525062 0.059783715813922084 12.17260192198783
0.05703285809846706 0.20185914611559447 0.055223337580465104 0.12043973861372795 0.04551682817053421 0.023071824381404094 9.587202518570455
0.2061486442858517 0.23298166083408064 0.05607598304934483 0.15555345725942726 0.23556372589883182 0.04286108042358738 13.842108009646303
0.09206947199122717 0.06044418422342557 0.11475789879064405 0.0058154940395224175 0.22456404871034394 0.24465169340161022 14.403975402439048
0.05848208639052499 0.062446128054969546 0.2015723853106372 0.11530689308560335 0.008729967368118485 0.14932187703941444 11.211264785698871
0.1494957145291732 0.0587653513634763 0.03285554411250935 0.1667037569526765 0.1680784612077923 0.2291168398620528 12.896143803047284
0.060992077342285594 0.18436100937942113 0.18976266848265103 0.2120737977807686 0.008098593667134113 0.17988963304851494 15.967352354282664
0.20797251054550486 0.1375799678891916 0.23538401970566786 0.21844602887824832 0.12656431000964208 0.19851382669417872 15.514839998362952
0.004345387968275188 0.19887276270069035 0.044445102346210796 0.14345711071180203 0.06420525026861293 0.10882063013158069 11.400476920486822
0.015192703927027817 0.14865683401175328 0.04014490077009403 0.15066044982878368 0.2114030772171671 0.03803009754398526 11.981741126533661
0.10540376116602734 0.12073012301042843 0.2274455743039325 0.11034394079907933 0.025051646484788054 0.04677683783350395 10.21838040848391
0.22232447718885878 0.0995484608465797 0.053039432790599805 0.06233131409970474 0.23642515662952307 0.037649364756869086 10.006837014772287
0.09699493977025472 0.07219041971269982 0.06206579272398041 0.009477042121035062 0.03715480067032298 0.1901864571184377 8.886895463382542
0.007980757343345551 0.23524232900101613 0.09680928714443224 0.20898580758417823 0.02212923487058613 0.0898648115775075 14.499301580423985
0.21168590451854405 0.2417866794818247 0.17555276269506467 0.0677178726973243 0.18480897692627016 0.15747507983423295 13.56572086437883
0.21239797988290196 0.07765521454097393 0.041546181914030755 0.014050080755113548 0.23767596276637673 0.05596684707804536 9.829765508295655
0.16678942809512567 0.1299440064156562 0.14484702536552288 0.21425837329164704 0.012516109229540606 0.21923991574745463 15.102280239594151
0.07990000899041283 0.045155351496363016 0.15933834760473253 0.15472849472852385 0.09723767045707007 0.2412054255385214 14.20005594198265
0.050071446095606625 0.16224811573770748 0.18538478345708048 0.19138405882137813 0.03683926605676399 0.0908165286678499 12.196787578893112
0.02730324607051393 0.20520533753555809 0.24578289963938144 0.09568947676131412 0.2109284853011451 0.07659762708773218 16.214521144679043
0.16505052175923335 0.11567094140875522 0.12043403506307723 0.038424486077854175 0.05242001076854355 0.17175184854396472 9.176362150080516
0.1676863186322725 0.07381450700403852 0.23864227238797928 0.011468311277053278 0.11636913315014993 0.19230934552465925 14.28873230746224
0.17139207315217264 0.22224759526916757 0.008337503484802361 0.1472475787901919 0.10257449438041583 0.1374493492155746 12.127549096288945
0.122903087990646 0.16577256104806956 0.16865890020711313 0.16081167480396516 0.2349584700320867 0.08438577707346878 13.918508505482764
0.24969874113224447 0.03857599082568147 0.1871151250002335 0.08106276846864857 0.1677442526043785 0.11369162805900551 10.729104847519437
0.20436007488980812 0.2196071205496829 0.24946644690030928 0.20319060433513358 0.2071287395778691 0.023138395310676046 15.05779721121704
0.030984736016179876 0.1980748195192743 0.12014655632943477 0.021393422485952357 0.17512662385074376 0.04487259266433588 11.610355754934787
0.07990955557168014 0.17086583510324183 0.0026470132830990756 0.17939818895672988 0.013254177122290961 0.22771700377644088 15.383112695702474
0.1592957559193967 0.24618763889200154 0.043109134674722965 0.06086229475246674 0.10004607180411926 0.05158589447669476 10.2381751259284
0.075227240170433 0.026669682764983882 0.020282679181685997 0.16452505024355035 0.2314626831427895 0.13730353378506788 11.705614042404127
0.10129741826870986 0.14666010132131024 0.020989353001647948 0.09190444363970326 0.21405130641557707 0.06271834000721194 10.889627263256049
0.0307483312115647 0.053516975965130054 0.04083602535271161 0.19267026119164993 0.22036776970844152 0.09495998869565142 11.656833165769541
0.17920395016457713 0.23964451553966984 0.12481597072085537 0.00368033199055956 0.18633477397470272 0.05138617935263709 11.946972514106681
0.1501285765122693 0.1290385557814918 0.20486811874824803 0.19849726578292518 0.19369325740532228 0.17544618583140442 14.815519512248027
0.03315525857543003 0.17970019379326516 0.030780536494360994 0.04130730494644891 0.013869533939193851 0.05292946988808764 8.084475865080034
0.03327676149679068 0.22681274488380745 0.1649637567589862 0.17118378792065314 0.07490548447161713 0.2332935755097942 17.620011272161435
0.06607426524312218 0.18376019615338496 0.17961600534537747 0.003061159935647595 0.14164518791747854 0.04674388469198429 11.450082769520028
0.0862729366846709 0.05144429708000378 0.14928268293480676 0.22144168924055027 0.18329818730263947 0.022079661683764296 11.857573575845631
0.1381478267876123 0.025824261009503885 0.21149690127149712 0.20241995074075703 0.1375581490009376 0.24198146086016886 16.53793260661877
0.2419414479206259 0.06889486950740165 0.1203916245006113 0.07209723156243197 0.2084925523310156 0.19019328383717096 11.668394689129261
0.10937320215939492 0.12651497257691802 0.21130444231978185 0.052730536001573486 0.15687296081589847 0.07009108750709528 11.500628577053096
0.15849066600574932 0.08452318761795488 0.0804560424845796 0.09722409856844239 0.07802011762042377 0.09241410346408233 6.9861524130313
0.027098603731508297 0.05169844848236005 0.11086763226224156 0.24287400263417078 0.16872017425381947 0.004796732191573616 11.90795159850999
0.03946134939467055 0.10845133770253884 0.10048170574958876 0.20401094070850948 0.21254877502287386 0.17035054380363893 13.95883348286289
0.071159965978355 0.005122845261571085 0.14874645710548542 0.012589353887825117 0.021832640929642017 0.20242548818916203 10.855122113096147
0.186242911674434 0.014719216212448066 0.045094980645988936 0.07542233595841566 0.045392232000615707 0.14818837246350847 7.383784127822098
0.05207752132108767 0.22546749751656958 0.08426584549152699 0.006085504249384033 0.14864586680387068 0.13249990162267208 12.550925586402181
0.10462236518028045 0.19722250307384315 0.22533719504515215 0.0702762922177618 0.05721071268695316 0.21329811014983308 15.467708356306545
0.05782464674469326 0.0783223375475324 0.150839127235875 0.08222986658018996 0.04599947707334631 0.1001980901803915 8.33653011496644
0.18922289066566186 0.05165011953987661 0.09012214958393586 0.160613533419814 0.19326601395254364 0.20403235499113503 12.438133302573252
0.011917539769759705 0.06843182980432888 0.01413737988117958 0.03894749054623045 0.12697551303575155 0.0986624511698796 7.382537130440265
0.20426927466546985 0.16854539339284824 0.062367190030046815 0.1741731700828265 0.13923640126137846 0.10951510808964932 10.248088694442224
0.18999844393313334 0.23703948068047864 0.023366035900090204 0.218497938512382 0.11189587254001146 0.020201964671367784 12.904703583152724
0.21588503033287185 0.10821082844996455 0.23835716316260355 0.05241637702073562 0.032426938748726264 0.148383098489547 11.601441018777097
0.1436961800033743 0.20335854818653656 0.0588027422587086 0.14901777248418271 0.06717474927344663 0.15118518869380032 11.689093179760768
0.06008099330061489 0.04345964015503406 0.14863677505420944 0.08185411430392417 0.0282285790225886 0.08528510073336237 7.740182585846181
0.24934674868973056 0.2080714271305153 0.03583055181402517 0.2461247367254503 0.008583417159313489 0.07586050713360509 12.64507896957871
0.10173785954040035 0.15118777280621135 0.12565087295591065 0.10843682172503452 0.22688416541473216 0.01547817937210097 12.340458811251937
0.23514298618747678 0.17032475945890702 0.12496813461907719 0.14647541065376757 0.1605335522240681 0.11946695721087744 10.240858282300364
0.20321514219050385 0.1583985340967001 0.03746329094582285 0.101453671377329 0.04301231685679863 0.09908067312820323 7.432887009546658
0.04345618217738295 0.2279391209095463 0.2388536441090324 0.2229513351230359 0.005221466815863635 0.020813731264366253 15.280138372060877
0.22673666691543667 0.15265747936959803 0.22818390251576495 0.09476563616109393 0.1699200977881278 0.15744985397977337 13.068456597194439
0.005433808531436435 0.24349173034109464 0.07078160537482228 0.23861930773714118 0.1648996492033389 0.13900806721076986 17.51576218834668
0.042407758408250035 0.1509885447966464 0.20421979193975087 0.24926132620014477 0.10250298875889274 0.1547479320429957 15.708821148531172
0.04252638379628834 0.07655749921797081 0.19522223346116527 0.18376966959896346 0.1871531624526793 0.16820093823588653 14.136400019078213
0.15361181335535987 0.2349429503277994 0.17114023273752876 0.05117634012891362 0.23648578513570576 0.1280432693152593 15.320267250335293
0.21433285334274513 0.04470822102022762 0.20877006551270147 0.10718233941352076 0.1968573859200042 0.05809682386486956 11.751708309074742
0.1836141826441612 0.05298086321108289 0.2088065799259744 0.23635646317958975 0.10790057214005205 0.0992643550823866 12.60304840759671
0.15407757122411053 0.17287162245183002 0.10017399593344165 0.19930320451388073 0.1394798820992912 0.11653822300704603 11.82905243416069
0.09146864273695562 0.16440117316772757 0.1724669152154913 0.16067182663718377 0.12502806669428215 0.15198232406770995 12.78609291935015
0.02214348921429929 0.0623415129749251 0.24049332873888002 0.011234496410555739 0.2185629787690319 0.10372766722901822 15.283166186924365
0.10177700899708142 0.051838284777642046 0.0747517555407437 0.021603816442188617 0.17554614552216466 0.18534347580159155 10.369061154978997
0.06438478711852369 0.24710716778575437 0.07900453320964368 0.2493508581934953 0.1255850123618176 0.015589306463887453 15.866048432471766
0.19149494688120483 0.16181525135629593 0.2379307306421461 0.07552822568895243 0.014334439937480875 0.11650651060249928 11.20878084349486
0.18542865759776853 0.24623451833203513 0.0672509556463827 0.07094842192707643 0.022947045987174175 0.19639924703441802 12.721871325297121
0.07780704597697688 0.0450009453707865 0.15740175635680886 0.03940783271668813 0.10227657133767751 0.24165978439048152 13.148203804052585
0.13784973708025383 0.16678377463244629 0.012582883434135522 0.22161758331537984 0.22056801987591348 0.16812805270153916 15.104625269736328
0.2441119343080779 0.05966462014858406 0.03618279650090858 0.21448435934955845 0.07348152899411636 0.08410224461037719 9.205719109716663
0.2359619157614122 0.1621874222695874 0.23367788031024508 0.2000008264415293 0.08349543589036346 0.11594102653824667 12.278302117281722
0.12636322009241047 0.17335435254171136 0.08616277885460588 0.02312434531880439 0.007613304056098058 0.10596729520767403 8.164041369188402
0.1780212585165107 0.05613961200146819 0.05386131427589119 0.16025497663089674 0.17204969239611947 0.07599116580187598 9.002881054108883
0.15940456384012416 0.1490467159163575 0.19504205845271588 0.10822529874930822 0.17547317213614086 0.13795205593123697 12.391995627042771
0.10286996969867335 0.0018623146360678966 0.0735648247241518 0.21688324422527835 0.19731918507922427 0.03301668673655231 11.19965616085038
0.2025173953060636 0.08292306227490545 0.17825404884282414 0.15752810015826318 0.15962117910799967 0.03888525945364718 10.097586347614227
0.16647518530454353 0.1611156579207167 0.06096525135928002 0.20063543496114775 0.07330960639096959 0.10131949433734808 10.587673093754209
0.175167280133612 0.12152359125579937 0.07270858584711196 0.18280840794482606 0.227653987997961 0.18412513793362947 13.411586874327257
0.20042771939797518 0.056509223183962176 0.1897393211591583 0.22789544034908238 0.16272463042011048 0.23345290119655127 16.18338238902885
0.037889985715240576 0.22631358711814697 0.03393387240049117 0.10623444465191875 0.05377327742728641 0.14862440534567017 12.647141519545187
0.15826474661540635 0.22454811123477098 0.2349494308287684 0.1893833157325311 0.24621660327306016 0.22638634296040774 19.478498261441985
0.04940103268510604 0.07366687965766683 0.12011761134619611 0.18318032382426655 0.09448443758244515 0.14703266435550938 10.972070287241396
0.06646666100153423 0.0754119915491579 0.212343379523252 0.1870950871014755 0.04499456915523886 0.1750418329046461 13.7143367604282
0.019342351504320704 0.077929802099067 0.0856594115199032 0.022473707424896988 0.12665760373592644 0.16942718222092287 9.568146755033773
0.07515226293502156 0.19871733839917494 0.0628060602722148 0.051186404786619705 0.04391337769956841 0.20791129195212527 12.608619836860706
0.05659751294675383 0.10457458150963228 0.013145244405263684 0.001433337074060459 0.1507631839734265 0.05717130579476526 7.803792297398796
0.198857655225099 0.24245245348970138 0.09234367009376757 0.10097701301942494 0.1465914332073289 0.0789658656452871 10.85130967688503
0.08581186483931855 0.19948442869711996 0.18614108858286038 0.21411666722787007 0.04886172368332875 0.24899540396911432 18.797331413092323
0.2003331900983053 0.1849018854809046 0.2288110190279171 0.026411281977748974 0.09571594703390623 0.23425789242445622 15.584756371606758
0.16964657864249014 0.09913307335137639 0.04587682653819375 0.23694956565038217 0.0658828953325383 0.09267840132114846 10.796184022530113
0.050028975484298355 0.06669131485053167 0.24961022703644495 0.15815547394928522 0.11049337016967475 0.07049290081789797 12.248116116000496
0.18137568604293736 0.15482995455370735 0.13275259923979366 0.19634958493569918 0.10387111472837907 0.2126788036112308 13.952447939319896
0.24086341779711964 0.05208585553859729 0.21979401807318516 0.2160459524856071 0.07918909236548236 0.006413751088267194 11.181230792136716
0.1217027645281733 0.1022977879378072 0.08864884507289697 0.12808140253681727 0.23220521300644537 0.19872218945847467 13.333365424209482
0.20198055382989696 0.04536423015794441 0.2073995337699195 0.12682297471848544 0.14787421381086577 0.19609078249840786 13.35819071421872
0.11512900447246988 0.08563245556793977 0.08825745086275727 0.1778971467641336 0.22231729578256776 0.08469785158488444 11.56329876200792
0.13650070760239694 0.24946824678537385 0.16241860709592135 0.18299313877847634 0.16685861282141862 0.22615135924306667 17.868554818663426
0.10484686545166888 0.002166043399422529 0.22707532675874983 0.05751665717109536 0.06314096512972753 0.2212506117507128 14.406160541247464
0.056755407055511825 0.020191423843118894 0.1575779713750453 0.17525898466519527 0.19383828315120985 0.20660919469112674 14.169627827882088
0.2409638980602858 0.07191174325336327 0.17031298192748706 0.08919188756470509 0.05341158922241898 0.20917432161321645 11.423533317327053
0.10617130175842668 0.13992254239460541 0.24305807001891627 0.1712377855562881 0.10752134759409801 0.0372681817631928 12.179990028456746
0.17487845929092669 0.05211538151086828 0.010769663321585715 0.14597680340449573 0.19902151705018822 0.054122001891222876 9.288427047856814
0.18982911823924914 0.21039941191633182 0.21342158610274428 0.08316199551266557 0.10742086069227053 0.058677520934345334 10.811230602668147
0.18283457525248614 0.2139712723381682 0.044712725478790016 0.07338842557069972 0.01790054117410564 0.12624303681156657 9.391941027201701
0.23577256357526277 0.24405508588416552 0.12335301275931104 0.0669120999659788 0.2146139247650346 0.028304366324340247 12.084881682360226
0.24407539474161474 0.07478092129638728 0.05297286297133008 0.011396811118791261 0.22134718808758627 0.11114124254662833 9.442880973185698
0.07637838402249292 0.21835313497564232 0.16932804728371773 0.12407844551206779 0.09456544718141019 0.14896705677152522 13.235150985760157
0.14359504340939935 0.18474130412736686 0.16982821173285073 0.1736209824594433 0.09937882201349146 0.1710182370680248 13.288421967131317
0.22352263038582282 0.09701065401145392 0.0770367236084813 0.03778161795102011 0.09660118203571702 0.21763660913427504 10.037155437487675
