0.10625610221913104 0.0031451308240491027 0.03479901790772283 0.0832349985787246 0.03849869114514479 0.24702470099193874 11.418295375508713
0.21288950847523955 0.1161970490584461 0.14927682806216422 0.2117018074662717 0.0952885745748791 0.1084660484876542 10.740531026032986
0.14799506612369304 0.0640586581639751 0.1522109593493661 0.01240264862629803 0.19329567210003334 0.07568798358827092 10.206906416019802
0.21156799391034664 0.23267363259221757 0.13611410070156865 0.10017574009954494 0.026845153253335835 0.0043464908454901585 8.612790089457691
9.807211815883177E-4 0.2265134656754567 0.23030910662643914 0.17406128764997972 0.16849748556928668 0.06381746049582859 15.39722343685221
0.21906778865862991 0.03440353551110287 0.08837342996542202 0.21531541112451416 0.18874319076231155 0.046416036166954444 10.770608536211926
0.13292042185480824 0.0789065756473617 0.23581572248741692 0.07156478371657479 0.14549070537455952 0.16751006212991396 13.55996939164603
0.19505993125278598 0.12241329844506757 0.09698020647281805 0.17488617383623314 0.16291556397940063 0.13076184312803799 10.57483817669025
0.03622693007827066 0.021649301157206452 0.2311239452854393 0.07307238650496481 0.2069010798706924 0.10178625729288077 13.776118563610451
0.06750877145426612 0.2356271223683247 0.05431370049548548 0.16215234040123638 0.13239156349158668 0.19605778634435836 15.989854114575177
0.11046333937400596 0.18613809978896084 0.009805886601664343 0.24363503652514545 0.17459511907555011 0.06798281385525354 14.174291241106198
0.062410803817275595 0.20802155513271794 0.049564305033236694 0.006056678756250183 0.13780286596225377 0.015069476344099025 10.212442218506556
0.10137648154338236 0.161841630955185 0.11178722253198922 0.23868223910553094 0.08041910578425887 0.22631155998795918 16.75815604427968
0.1510922504025132 0.21976291380778812 0.22810410759515243 0.10694592561762434 0.21399858108381942 0.22683546180764835 18.134200364049256
0.1919090497755728 0.2467064015686096 0.23240196274613512 0.13805239479905623 0.18513416504477404 0.1109643199374172 14.616548825835041
0.1329410225720331 0.23099168344384413 0.15508537344886247 0.1295876096884021 0.10799459916193904 0.12489781203871625 12.42345050616403
0.2148483197263624 0.10917889038010847 0.0895896909578573 0.2298362642222976 0.24933618724253898 0.08480222544390584 13.228788861146617
0.21056003613608207 0.21860765870436724 0.17587395870746206 0.011444176807064554 0.15765646629530997 0.05020729333357887 10.861079126745771
0.07322449632389261 0.10292554361602732 0.23073409383128027 0.18811769503621775 0.04066689176136107 0.010013407964344023 11.46196887249454
0.12062779194374032 0.12278637419284666 0.2105049856969961 0.14007864124728386 0.15587611677636706 0.12526774137502888 12.4019669794973
0.06321423953774663 0.007802460724419508 0.0450652428295186 0.07819779219758022 0.08432749465811126 0.07015621083856546 6.2554167789012824
0.20723830023322393 0.001021987097256205 0.10611542641853505 0.03916166151924358 0.1375517716029912 0.008711264941780872 7.332651657127312
0.145134942588901 0.18278501196050598 0.14915953936537768 0.16707806800805225 0.17879897718490484 0.11772587461060091 12.555421366007923
0.015166373027753172 0.03324368437515818 0.10026351371255604 0.0678331554230682 0.0064166165167838796 0.0968102588163704 6.933024615915359
0.05113304479559194 0.00841315886223834 0.08187001590403209 0.11585510113965544 0.20575292799571773 0.039790677222140164 9.702744756398792
0.03836558009354163 0.22199209472012174 0.11918741496860444 0.233142279334877 0.015685633154654238 0.15043428047808852 16.412936545832217
0.2033746225851126 0.06784157356590895 0.13100605398860835 0.03424370725833539 0.012404767717449139 0.18233939448414693 9.195567348414363
0.18405500261158098 0.13676916749157383 0.04838561321978063 0.23994774116129292 0.08060136643251739 0.18264921639795162 13.687946638435395
0.24393912221060676 0.01680427047512828 0.11725530354355077 0.08569753339852063 0.136015910299232 0.10176504062932787 8.31717778892833
0.05498728005100553 0.11148946587484324 0.018419161286316182 0.10700628565153958 0.23225820195191077 0.10353313870921813 11.472243518294718
0.04719723110873689 0.02371179870727233 0.08120210584177986 0.09453545306992017 0.12389430052411499 0.06938055245887076 7.375849594784784
0.06191422918607789 0.1684627240843402 0.14654089592059905 0.06201013288174592 0.2205710592197823 0.08484770504965508 12.886014618332805
0.14722134535416323 0.021694485052081408 0.05684530876835747 0.17410913685172183 0.17807264388468258 0.09202036381924725 9.716242441226548
0.1548776464311163 0.11152698371685238 0.06464944650625037 0.2420551007716135 0.08992820529278561 0.127955913262955 12.013667478146404
0.06673225828968729 0.05468877816642981 0.21975490782002677 0.01736156611306308 0.07186130345028593 0.22862741910859755 14.75277068172877
0.10575175587565885 0.20482860770035236 0.1961457352457978 0.21942919148835313 0.2339293118370334 0.14381646977995158 16.921346326283718
0.08022830191578648 0.21963416997454988 0.16993064125861043 0.1681282205807938 0.24567787233168442 0.179258464021023 17.510773061564816
0.035450128135252806 0.13230988598482374 0.11853748857603133 0.045707243814310405 0.23565856635512317 0.2340120031284878 15.434426298095275
0.23227307644906245 0.1065063873414708 0.19853709040681702 0.07322219258026674 0.1919481379022696 0.24916110096545446 15.425880648025506
0.0073835868522411086 0.016216944197034622 0.2150921575317236 0.1099202380553626 0.2171791456414554 0.04658276273698181 13.227229565858185
0.21243575653165186 0.21725851506092797 0.09398849822449895 0.0017213011318546467 0.18345297627011617 0.09648428435758169 10.664072677530129
0.004117117222954214 0.16088002141350186 0.1774813304456874 0.1390389330707202 0.2063590070080248 0.06993944073782046 13.358697701880033
0.21108274043806607 0.10377455460429183 0.11634312138639952 0.008939904334584747 0.08626360256090121 0.15777975041087197 8.493881608939116
0.21672253177396508 0.13064530577702776 0.022189752790134243 0.13116921894450506 0.18074945828114355 0.02231816947932927 8.847281008081312
0.14511225494636257 0.15366085263350407 0.2096404486440897 0.018319868056446115 0.17736243305587987 0.060734880111145195 12.216506011323343
0.056059923333174444 0.018151803395126703 0.1264797180771778 0.15370273143938948 0.21703661947449998 0.09311778853548183 11.410078344516712
0.14980340396100927 0.07110904805117951 0.07967622476157105 0.044914795387205886 0.058189509278297885 0.17854842035598112 8.557986350233193
0.14214493745655685 0.06114871070577449 0.12490651409309869 0.010199167137971088 0.06057239520072344 0.1960237361040764 9.949760413932786
0.23221885070740977 0.1481596788943527 0.1897588046294027 0.08926840581061429 0.1686845223492905 0.005018498585101144 10.117610561803874
0.24186999690435487 0.12273835896908084 0.08477341501455288 0.030997623961836057 0.1826652555640972 0.10207512723843065 8.517995556076468
0.22305533727274796 0.14947909828229847 0.019226906037542457 0.04030253872036044 0.06191198814277815 0.2337582056788451 10.89494012730141
0.20664662122464475 0.211306480202062 0.19849457140552573 0.1734623435469829 0.013672544450642976 0.08377086737208975 11.282232174505229
0.14747887319310368 0.04123277294279823 0.08893248265619066 0.04033210629625725 0.247062238772061 0.05898716519302766 10.892263124327888
0.16002227552345058 0.182466260391995 0.04260185275776207 0.228364105398533 0.027484791741858444 0.018937535611247364 11.52723589618452
0.11131143571468377 0.13179639556940934 0.034503893940782515 0.18451385683168856 0.04851349452944473 0.029068162746059723 8.954255270365348
9.98880738827479E-4 0.03609444452754795 0.007086760552190985 0.21918154729518796 0.2077289390263361 0.02539652650644733 11.667398990446006
0.016953686508409532 0.20889192245711347 0.1520032881265422 0.15091270353479877 0.060720329046688504 0.02736626384277746 11.273999391560087
0.22164166650110997 0.04697726099948407 0.044911072993802426 0.05107756614457565 0.1479410759115242 0.12446951466709077 7.640737044891536
0.13363319516645517 0.2042688256138194 0.10157849583755507 0.13593384540637105 0.15296139502770398 0.12810336516712864 11.97101212718482
0.08761563856483831 0.09771089064978125 0.17984996148687274 0.1159639843245876 0.1270707513119423 0.1630510224020845 11.72195435927216
0.24896034501096156 0.0432715536528922 0.08288356139004033 0.053120881521021124 0.09443442783272338 0.17766446650439868 8.629153031703368
0.14752350461288602 0.017315588387168318 0.24134894474725346 0.13941351903530758 0.2079776160419791 0.010353791509769117 13.770089460639516
0.0733540569159632 0.14254242823718133 0.04140330171825299 0.0912595643776144 0.22882908084883288 0.23428260387295427 14.832494969423646
0.07134249756040933 0.2185247081144852 0.06778109998433843 0.06421118146058283 0.23006765081626618 0.13649690933463554 14.565034007864478
0.005667137842527148 0.004704862085081196 0.07736619506104747 0.17035369978563208 0.22833817427346834 0.21118753169476542 13.918845045187444
0.2198690148674849 0.22089904339615313 0.1843834802560849 0.20405803543485987 0.007889844454541384 0.07585895386475838 11.895090848203573
0.04729609616221342 0.024155015850303496 0.20866617627024514 0.08135439352379042 0.05008562530325325 0.21014911388123783 13.253635487031362
0.11587880446172893 0.24579414971600194 0.2192318344671142 0.01934833714649556 0.10537574516591874 0.22855745440725658 17.557398044686575
0.07320288538735559 0.21306075866991658 0.23613780243301133 0.14752544114827026 0.05315431885784794 0.10387934353150158 13.599040596711308
0.12369666208276858 0.22277253057378313 0.06988031272852549 0.16503689404233204 0.2304529638833771 0.20854332630013042 16.982525941212742
0.08160597341742473 0.08132484477297494 0.1736404347897914 0.10201750912082203 0.06178979052694791 0.17697782652690325 11.18310160750029
0.14704354803651545 0.005304676640181805 0.07474777924694048 0.188396586670922 0.08700007740596968 0.006613039498568812 8.25755398924586
0.1996160042470708 0.10861515485058934 0.036706160448716496 0.037600342953330645 0.22993567467131804 0.06601368314939363 9.788214081982776
0.02539032958619583 0.10654233751271408 0.176975195177137 0.16193680149534298 0.18053430412154542 0.10114352242141744 12.221107611346486
0.11979604665443572 0.13059782281609741 0.2319922039230322 5.66976935471003E-4 0.12402442426106464 0.09993249413008018 12.394419025035479
0.04659606811366526 0.08357430280597089 0.04430826540375013 0.12391158986208242 0.10063452692989167 0.06854400696721685 7.596169636638251
0.032519239043800136 0.025229959024884785 0.1054527163406021 0.07157565911115249 0.24490192822849102 0.18226015442329518 12.885822269764134
0.09834531871648103 0.07088963413957111 0.07657749221626864 0.2156922198706476 0.19690108919418187 0.21929617531098783 14.598881278091923
0.0010766919883744008 0.07837669649054635 0.1400058536733816 0.10163486464424773 0.005907161760207225 0.07654623989647105 8.048608495627787
0.2028225192031427 0.14077488014030393 0.1925525371482001 0.10181188740755664 0.07624020071047996 0.06401832146411734 8.85411720367666
0.10075596029455453 0.0811132541419112 0.09352117895458703 0.1515634639455325 0.2224581956263139 0.10614763844407421 11.3987607105847
0.018173016448253282 0.150061671406365 0.2403405780357461 0.13471110241954853 0.22743456808571297 0.2472411780504765 19.390455930263077
0.009565639469009735 0.06385558018211865 0.03518847372565323 0.1180728708262439 0.19901333020978276 0.10879886325883062 9.979901405959184
0.0965990259005221 0.019017748825780695 0.07007834577504526 0.03212046171324667 0.07432308205978708 0.2245225626958273 10.339544810844362
0.0969240626416476 0.10493411985577497 0.02275310494345792 0.0191196544833315 0.0219812926443462 0.24544883838999224 11.499065693982551
0.01242523212972102 0.22923901820812903 0.2444350919478738 0.0706131564568295 0.12146149278164114 0.15115497571239261 15.93479581416495
0.15746032893191206 0.11338336192660126 0.06471428983747421 0.20536680469673754 0.18204703592048418 0.2015644031629634 13.565290442510072
0.1641424383995914 0.22315225199773342 0.041398863267772645 0.21414296149847203 0.08587200682594906 0.1980345898251404 15.839014175297905
0.03009328631371791 0.12756544062080172 0.030381409573648877 0.11346857522565312 0.15645961384420123 0.1875092352233572 11.749862491389173
0.11229914565002663 0.08817738489781896 0.07496099638557127 0.19135387327365042 0.0054138277339222385 0.062262268599125925 9.075051747748278
0.17775926943613057 0.24277939096515724 0.056670013837412186 0.08045846774658102 0.08109636334524559 0.1927023807765807 12.907379475147332
0.2401596644229756 0.16372543275938956 0.022643857172687604 0.0601060018266521 0.028417855326878294 0.046736401665566 5.813287361539068
0.13055202404181968 0.03222829163867649 0.0036927626228874244 0.19677172389900807 0.13357260978379315 0.1760439543875489 11.378673543465776
0.06628375067965259 0.01902239271103523 0.10433437198491685 0.0020079384051950866 0.17052761304318503 0.2443746178240548 12.973703627180276
0.014618196757612723 0.006624804762773717 0.13156203601888744 0.18837328449273724 0.2323086196206199 0.03256614775597111 12.539944834056604
0.1976065101085769 0.11425150798663977 0.10459107301725706 0.22377896337822306 0.02317485297741015 0.07866559109779894 10.403167251589934
0.2009194232666295 0.018311163948361103 0.15836978234872906 0.13608894918742656 0.13229580023929258 0.01342596265445209 8.884406931484417
0.18820878931727228 0.12669577600431978 0.12048485178908078 0.15598532731609174 0.21379199771462082 0.2230043521285253 14.183707467708308
0.1619271484391694 0.05605308879712845 0.21404633984794083 0.21255217948826508 0.21632153318882022 0.043201785763212736 13.692804353729189
0.21276691116688679 0.14743939767556796 0.09911374912709581 0.13310278275898557 0.10072503741058653 0.2467038079687711 13.165759381313979
0.17045881419626727 0.09663761870651608 0.1767239898681003 0.044180604531867784 0.24061717657733744 0.07498904500597664 12.672836004550648
0.22465708227550424 0.23275142318571568 0.10319969812479121 0.16195360483949506 0.2358592963629212 0.21570222418856663 16.08937680311988
0.013194226651824376 0.07906315788274954 0.21734220609876703 0.037286112989700054 0.24628640912024471 1.1018759139447276E-5 15.382774113409864
0.1468635930177402 0.12752685028754332 0.1096302008031741 0.238349114809692 0.04520667515360022 0.16080076114919825 13.424390529195847
0.1719283610951005 0.14645571204302718 0.08453043133993693 0.043799048508792376 0.042451041066464995 0.1843689676611844 9.479649532098183
0.13920119319696317 0.1160996743234711 0.004450414875089959 0.2042398396036227 0.212127061508706 0.06576730284943372 11.828814440980448
0.19832211435164226 0.0598784722440828 0.23529052859308455 0.08315168861109912 0.10381912175304905 0.1911515036710478 13.43572016955764
0.09791098720485844 0.1483696086204498 0.038641434103891314 0.09983333077039211 0.14946768379643807 0.07183204176240787 9.108748481065948
0.02280489099457958 0.12692265946742903 0.10767493587897278 0.23261801734153673 0.15433515675940862 0.16140631252295962 14.036298761470952
0.023425374073904492 0.13649841728467205 0.10203779997932808 0.10698554561086238 0.21570309748498007 0.19397742101932705 13.741041389959623
0.19536319880590483 0.10637563542717945 0.1395177360140908 0.24884634408288867 0.12971489697816777 0.17244804850467865 13.759830005928226
0.23902144838468592 0.11943394618195094 0.007942687078045269 0.001704805908507162 0.21614496751097156 0.24798936717823153 13.064842565922426
0.05521681024498887 0.09835819110688965 0.06232492963128217 0.23844820603964564 0.12499715701503272 0.16663439101838737 13.362717357346495
0.15719372850021127 0.09920923833955722 0.05839148548370582 0.03482814229698311 0.23346430937586754 0.14548877183115425 11.038796799308619
0.06783927670311815 0.15710584756523227 0.041666214614234726 0.005321473252204473 0.08876282997892798 0.24808806203217068 13.230833026000369
0.12187560105051248 0.014341139665300345 0.229594882907729 0.0908378989968609 0.20213057098427564 0.2271015892520376 16.434255150239764
0.05142208358825773 0.02104000900954897 0.14483473482408268 0.06688755950541542 0.17337615720941957 0.028875635062455718 9.325935958678171
0.05312555276753589 0.03171728642994362 0.1288597898795656 0.08538233592234137 0.12892040800106538 0.12155293368813516 8.959993027338133
0.2407117861903328 0.19193273373083383 0.14315225050194233 6.119848549269447E-4 0.04049608889101228 0.01987481206519673 7.045484205055101
0.1865678435245804 0.10911224661914395 0.17824189466982998 0.10234706048683162 0.21638562109121487 0.2407849043525604 15.369533978583815
0.10416719175865233 0.11181480710710062 0.05009633568769159 0.006054690196545309 0.053185500941074715 0.05497002026821213 6.094401989847602
0.1327387002647332 0.10591309027371038 0.02632586113487176 0.24129483725416487 0.1180933327032973 0.19819991121417957 14.197682833495978
0.04058847113438829 0.1328098966757981 0.057412306232785926 0.09626069648751967 0.16021369617520478 0.16031180948349624 10.917143016597251
0.03153791474761841 0.09976161421343754 0.22785956333432464 0.04574956675775588 0.14356297440859325 0.1688207558075675 13.91428789352232
0.03376298827478233 0.10129826320776497 0.15954647114427226 0.1655538771180204 0.14460260749415255 0.13315882786337785 11.703624857433667
0.2442220614402031 0.0016348664318344142 0.011486078579762804 0.2121459171119968 0.18712336266079047 0.24653549693922644 15.1650893940547
0.038252417362629326 0.183721745356386 0.0020987044069418204 0.06873600784158485 0.017109866108354077 0.12729181865956385 9.94304011017888
0.05979942287598733 0.051387616715441814 0.22852243762591445 0.038299237194006824 0.2283995380332618 0.19465982719547376 16.42977790194342
0.056213455248775634 0.04693748037734924 0.10254106782623093 0.039320042243027487 0.18617176159505583 0.004147253870421724 8.972875566140683
0.0442979284178279 0.06996978661527875 0.0906265970567065 0.008971190520997124 0.1928128697516685 0.13180146437202225 10.046468422208966
0.04409949470222008 0.17131087590161623 0.07118555348752412 0.021741335448274862 0.12884684047640657 0.10066395487338356 9.60504039289299
0.1801763585625232 0.19340898983591845 0.06127414197693781 0.03451462960823298 0.018339168767964237 0.14545055191936343 8.976871766017448
0.20923319133173288 0.16970926286515556 0.05730793106090018 0.04449218335041402 0.12250595937527736 0.13636930053261306 8.648807128950668
0.07913533093818745 0.2172125095275836 0.015234018259950383 0.15667706212731292 0.19981859242267125 0.08084706306594597 14.020986668393416
0.1695699266441213 0.01021562161508166 0.10944588237086561 0.11781466172586158 0.17440711705591205 0.2334522035825505 12.971464971480485
0.05475843046397294 0.13809526142213435 0.0216873132584271 0.013425117328308173 0.12434709392292792 0.06249062503585073 7.939044704234954
0.10548970053918544 0.24472773932269065 0.22018856768598338 0.05096370594461991 0.10587354167977445 0.20447836354815194 16.507722933322935
0.2117751592818657 0.24287957776826669 0.09027609688918503 0.012123299988665487 0.17070344878167465 0.17016011585145627 12.604468194058171
0.18016020585272693 0.22964108033291994 0.02426095489642932 0.05011671224257022 0.059561040907531976 0.12299892831244316 9.971196666913684
0.19628624398846378 0.1620396634216044 0.19519905163279352 0.2475583118015119 0.0723768016378189 0.1104998924838217 13.309611090677318
0.1449062834107013 0.13853466818051904 0.1843802054813628 0.22875804197598068 0.0022557118699375045 0.23258696313341248 17.292462863807856
0.10602810682982247 0.17767800185668875 0.11048842742656442 0.21814616480643068 0.1875587627784857 0.19910634716560618 15.81839671093529
0.17810104195696647 0.060187099755263346 0.182222654458971 0.23780614565294672 0.09178570708466186 0.21980672624617495 15.68270000622412
0.031677222293190394 0.002722992928211876 0.0498078429788151 0.09019225452258722 0.08045035328529351 0.24661313907574473 11.815751165876229
0.13036160111000739 0.14834596214560025 0.03188879181213358 0.10287803714287938 0.06496079778295866 0.02627908276881713 7.214961598712367
0.039306298209063256 0.2298264847525246 0.056503043376387396 0.13629551887152186 0.1964078527755158 0.025525188635491552 13.961704014555462
0.2152874201454839 0.14245667249749253 0.10048991549857086 0.040900253456059105 0.08397107586282782 0.20435203995415036 10.151009954552016
0.11040318437498817 0.18481686497663694 0.0342178330398302 0.02989579557306629 0.15881301556934715 0.13249110755575505 10.744418660448767
0.04362171205712789 0.11102782442645176 0.004904067933433981 0.01777751870803279 0.0013812152982758952 0.07991848355463532 6.523781464843717
0.12934958538716163 0.010627808235526448 0.2451548915403911 0.16355935110357786 0.07810194764241912 0.0033306554558203694 11.199306919156484
0.24954668610705302 0.23146815256074885 0.20536009389380047 0.10301953354470547 0.018749265856775027 0.17464409854714671 12.13382023006796
0.19893059661062107 0.2033747671547322 0.03201644986136029 0.07388065149638151 0.24312317046762755 0.08544827567513552 12.584324547522185
0.05084066101213286 0.06207590885125311 0.18530751086515954 0.026103538648905494 0.2209790658160593 0.20827651577222486 15.048307003275347
0.12230742795528618 0.022690683646462317 0.19080208522828365 0.15084921137363538 0.1619193554619128 0.224265642162953 14.599303286379229
0.16983056261284055 0.08339476918241676 0.24301626607215923 0.24291462165541258 0.2177829354441334 0.049802445818490026 15.059407961863776
0.06493433249571048 0.20355938663945353 0.08497129750990273 0.08418853185647532 0.13313845837291247 0.1769957776061084 12.817374796709608
0.11946542578993158 0.03737099148113526 0.17352419272100303 0.028857609079634444 0.11508631951047948 0.21400281979239585 12.463315657260388
0.20213732692477068 0.20669962374217465 0.24699587848736929 0.2035198805937248 0.11057879596415637 0.0784580618448916 13.129269722879007
0.1784170672983867 0.023654795749321833 0.23991136935214255 0.12817404340859084 0.022848753252836668 0.15742663052189027 12.621201580109526
0.06749595135119846 0.10905458806101734 0.1110322189189242 0.0032367657371362712 0.07185904739034005 0.14969795380372197 8.996957339199847
0.19088126986073817 0.17298457147170643 0.0704294257683589 0.056624504858199615 0.03160549617362765 0.21496233548093244 10.984711624742829
0.09378067053487937 0.15513121080980247 0.16033635652050626 0.20669683123085889 0.16787784971658398 0.2109273804178897 15.741848292573962
0.13070822762868844 0.007875911201645713 0.22275008951204492 0.027011123899662842 0.058051791762728844 0.035031452323601275 9.625480186514144
0.23199742946646476 0.21381059289463358 0.15512452349695657 0.21774591997525797 0.1125890456128806 0.13574088024648892 12.768370798064428
0.16563333768061114 0.07080782359247809 0.12852116673508282 0.1440169782559 0.17019681600192485 0.06796211096314517 9.465231492427264
0.04507704894112832 0.16381521534762924 0.2308496633043161 0.23068486619614262 0.07266751900559887 0.013689841486645399 13.625778062649747
0.24570960917038437 0.04975713582469027 0.22052948819360096 0.2465286274265952 0.20500688761937247 0.03832115044831033 14.043111498238373
0.050921218474895086 0.06427066614132587 0.02331928665705152 0.12257279754440989 0.23387684316086493 0.2231114300834312 13.619358485996162
0.020560554045210178 0.21027734809691973 0.0010690877551934597 0.0619848805091292 0.1860377116517929 0.13789130940839275 13.48372350386024
0.084877845990396 0.10473899074901846 0.08572284167062544 0.034231313815185266 0.005373706288056834 0.10561089430320103 7.095722601896421
0.1627774767859746 0.20235176523513848 0.13359930780053564 0.17835945127613448 0.23532282692487996 0.16157609805813092 15.144483089427599
0.06426767060179306 0.021727806980477354 0.21346664425933473 0.00847225386520728 0.22479556285818605 0.2277852204808327 16.932470951263063
0.1896776065691727 0.24897119064422474 0.0804513154091841 0.23513704444373598 0.10274069813081088 0.2237978432291557 18.028184463269405
0.01732016308953835 0.16599361133541546 0.13573209754983345 0.19591734750712197 0.24577670386914113 0.06465328239164023 14.992687994088865
0.13271966634136503 0.09179479808029853 0.11720281797761106 0.18508185488456474 0.10722534508707293 0.03792527576274998 9.08921564823275
0.08580064783843422 0.20695992983219413 0.11787804314262557 0.21031132190435278 0.1755242591820225 0.09282189152558129 14.059595219055367
0.1531410930733496 0.11734849787177509 0.22938965025612876 0.23372449936041498 0.19751548253790485 0.01592513307579363 14.226957449431007
0.17472192621458021 0.06726014378461936 0.09620052079834798 0.21645074268584558 0.033259495096619796 0.23966917310590002 14.894593155595844
0.19383598095373422 0.06499821606439776 0.1894591916216601 0.1233077177959965 0.24565484233262902 0.14977809661332855 13.899757096353575
0.0038323826218319146 0.09179190398960935 0.036143428478862455 0.014758996294514243 0.22069108347424835 0.14776621340207866 11.103630528885962
0.24113571542778656 0.1254063241602253 0.021294363308152903 0.042433318354703375 0.08416125620208503 0.020232340927827885 5.381686642117093
0.014059154698747245 0.1717345621411424 0.016821143226653568 0.24713359666991794 0.18323590671137877 0.031384780099853626 14.403535298143687
0.2459840943761085 0.07533762858422008 0.08624842165916144 0.11184211215626322 0.1876747839764247 0.09218897332485179 8.861213936930168
0.1477583940354966 0.06473285444018781 0.09866914844972063 0.13897520645246023 0.24543915749686104 0.02425337742998626 11.713879404847658
0.2220163986043683 0.11152695332754806 0.16842939115767924 0.1206356226939003 0.03197519465695409 0.19942159142668664 11.435057175475738
0.20448633411602252 0.22788963498757067 0.0771813196840258 0.16227837440618031 0.07596949273796327 0.09472596887304491 10.643630811290464
0.24825696367280484 0.24285368715428185 0.19795954116178271 0.21581283403969273 0.03752669959125002 0.04442803057881861 11.851589599460777
0.024053506621662446 0.11033733231737874 0.01402274138103185 0.15432234569142356 0.07667618146714228 0.08621696531714076 8.789174999265505
0.05654239716359241 0.22628924893131755 0.1291088865096326 0.08124713841938727 0.12116293477450277 0.14199557359159318 12.797927293490037
0.1658607918047504 0.03697236015632299 0.217324269975617 0.00584580765617726 0.19649409456011793 0.22713321355219865 16.127482955144963
0.07835756800670826 0.0879916980848078 0.23556324557876865 0.030168121604830206 0.23816770360397396 0.16753146304703082 16.567777647274998
0.03793988199103607 0.05443855829864552 0.11567033181768391 0.04162285091485676 0.2444687030567521 0.045598021132778804 11.634098242791413
0.012539213912680341 0.006517402503507325 0.19763610787914201 0.12783977205466673 0.1478371494903184 0.13336899422269627 11.761862692780204
0.08073205646352027 0.15463524017046512 0.23518389226515207 0.15507796760957498 0.21684703393350951 0.020014359681630095 14.914702683639922
0.15425698128047877 4.028702576703569E-4 0.08596979700424537 0.20844116898612167 0.2286265501825304 0.20810491404869433 14.465000934141457
0.1294379110175103 0.13990238278147762 0.24619273175673884 0.12698618312374338 0.2110419635944086 0.24695364771224237 18.439684825866557
0.14682432404162155 0.20734055055624093 0.19319555491550547 0.20215762480198413 0.004190036009851517 0.06555726954518723 12.624113113410658
0.21475711712765866 0.04759994585329824 0.04522860191992867 0.10640007396394652 0.17432587426739676 0.16298368597990234 9.60448502923272
0.23122176867865346 0.0668306655791013 0.12913308015296396 0.04517976263782794 0.11901406484606142 0.15115338479481874 8.806214454869833
0.0650110574804772 0.010050253697736017 0.07956606106576913 0.2097287610666285 0.027346283346610212 0.16686359111385338 11.831056754545969
