0.22373264309571295 0.172536713501804 0.1764092641950845 0.1066848841681732 0.07192567215244805 0.18446596923934144 11.427551905320746
0.19300252011772423 0.1887517823673137 0.10515023753348937 0.10136439210007264 0.11197964173485112 0.10303562111566233 9.15377023700332
0.09979647457151469 0.1946056721905332 0.10186190789203747 0.03293952796524349 0.07752392654703968 0.07721102864303073 9.012914315392988
0.18851547672779645 0.23939975197890537 0.04459291438628141 0.006410218753629404 0.18965092633044073 0.23653321807532263 15.585650777219145
0.20207764827215757 0.08593443978103357 0.18476825576292596 0.17941402171581564 0.22953825230053265 0.23630436029468085 16.130290841280402
0.19209425838388253 0.13656331326978238 0.07993395013278792 0.12290967149606641 0.11004554398877614 0.07330156934445636 7.80838777697176
0.22282736505368872 0.0297724102743796 0.15579932865554968 0.12723922285555336 0.18625978608138336 0.19154432727827153 12.53403759267789
0.24766536797424765 0.11387099857111987 0.07506996864296736 0.0975093882893324 0.031126296636849793 0.15849135195302627 7.993735927189261
0.23488410071251073 0.009145658634812343 0.040650006150230344 0.16046277872119324 0.1365220179122645 0.13714655179467894 9.467931988115915
0.07067633782084479 0.20724573007157007 0.1251450409367668 0.10470959435611482 0.19954198304842657 0.06853840036248604 12.897484223461818
0.16211315718808783 0.23137155200340184 0.06953101682578366 0.015376470948500642 0.08522456977816031 0.055702087061526045 9.164779013667331
0.22472504213336034 0.17510749114989194 0.2247779858154908 0.12576356314770645 0.0458756022961897 0.20078141120706358 13.481542771951588
0.18872833602053643 0.1734031341260099 0.09813295863655977 0.2026883032425438 0.02009896670821215 0.10216369424097832 10.91912209419346
0.02313906252157047 0.16052625024328604 0.23376859475529674 0.008883644756307707 0.21172895415038423 0.15699680948730135 16.68303768222093
0.2077688106838386 0.22590098968485794 0.13728362320517334 0.24750244390235795 0.03630799344044322 0.1141856388406993 14.113672520575724
0.16263860605545072 0.10605974707657032 0.24788012185735742 0.05769433344787597 0.10537667288898325 0.014544235821687485 11.031443039721019
0.002022020385844231 0.05577595492872767 0.10731893717068011 0.040946952045065904 0.002550112649530173 0.23355056502283378 11.537037322192601
0.15407783227480548 0.13245009203980773 0.153437958214428 0.2398438393436691 0.17964664389249807 0.08081824321977762 12.86987275672516
0.18588823515074357 0.12847912747730802 0.06917397481027562 0.15085388363273047 0.10160814480213762 0.17151273348249732 10.330024289856386
0.040308161250727004 0.09748018967452277 0.05781452063296247 0.13234355394181893 0.08979505762047724 0.08339109974073103 8.11079745217614
0.014075319053772267 0.08253655121238254 0.18737443187809194 0.14714812647411946 0.06973640503257109 0.1286701221632664 11.024418792322027
0.18344354456607428 0.111105400356902 0.19338792293541954 0.17455075037995832 0.22044320211810137 0.15960860933588933 13.996701854417408
0.23259193091691976 0.07973392945146493 0.05047022276663948 0.010540889960652527 0.19292313525795832 0.03744855926026669 7.952164930057553
0.06323156511925937 0.1474777456366822 0.04026709444413737 0.1837428238171545 0.019129281914407437 0.22546531519671806 14.651929442619357
0.20927543971446652 0.11495260421961567 0.2120017399157882 0.010750653860422399 0.09389508813064124 0.13243933745854483 10.811760702047025
0.05484539252455309 0.06366959934782407 0.052968590210335204 0.1519522938313239 0.13970269644675365 0.07433737529301518 8.618309289754135
0.13504539978835486 0.059941090059738245 0.16982564313399923 0.06278894101595578 0.06174872197221418 0.12067729698819851 8.832112088717826
0.04821059874996694 0.05878053290045132 0.008310438352323257 0.0861398881518293 0.08164914896330458 0.1315908953483135 7.627264880680642
0.13321645843607435 0.1852773268270451 0.22355076755216638 0.2468500667848834 0.13629756686699543 0.17047983340047954 16.469747787752148
0.03196712686105552 0.13567559257974385 0.11605584249425333 0.07687866672924829 0.061484076749853844 0.17121038772064112 10.47934817733742
0.15253435677554028 0.054434790867990274 0.23894625463324898 0.15903361467321 0.11161785828273807 0.0636876669765283 11.40069395807496
0.1433404868649347 0.21085518689534677 0.15029484506027227 0.1335055096245751 0.019588122615605386 0.2354066233628019 15.286623647938303
0.050116373951196086 0.013211564506880435 0.05448261320572875 0.04650530110009732 0.06785463259294 0.16205671881717806 7.954682971281074
0.18055761980568602 0.15589623244117137 0.2181943516907503 0.10616690464122147 0.20028212681240465 0.23766486218064906 16.531321503820436
0.04318264435850255 0.006814467356151793 0.08865302702249589 0.02176631631608647 0.22711809026942903 0.07414591163781509 10.281335809080378
0.1869917499443086 0.2465311206803454 0.13357729864153423 0.2273440917954319 0.14455062774547914 0.023884134056636225 13.56650515641694
0.22335733331177018 0.1456111148846771 0.14739569820494972 0.046453181799949284 0.10825501573494634 0.07432906007742524 7.852106567858255
0.19595671527136146 0.2427455410475209 0.20580905886392986 0.19728851984503282 0.20362140743056367 0.015135067819507741 14.644693870479378
0.0843987443422961 0.05897106640502214 0.2387997192964243 0.07552966560931418 0.12642274809051696 0.17052963615396338 13.607541181562375
0.07199531734427542 0.12527825011250793 0.08967443809601652 0.059331611873434664 0.06759531007356906 0.20912824260939067 11.056911308791959
0.013484980309471234 0.12471273580034473 0.12732549235978352 0.007859193419967103 0.19672318830251456 0.24193544053633556 14.935606769493347
0.09861731314781974 0.12059506151514696 0.169321105645078 0.11225357742376477 0.0564940061361337 0.025737008948586826 8.521116173585467
0.18763692112208463 0.13945616053390208 0.15200722017646123 0.14896073395272552 0.0566718778956945 0.1222959342702648 9.698613840271877
0.04374177899789233 0.057786637888679715 0.01892540813542279 0.037804280258853656 0.04145506364488183 0.2448581320520958 11.157922713792075
0.050502815660087436 0.15265224938091287 0.2425287408055777 0.006252905922513485 0.16998241841094766 0.13843805810595788 15.29322076654164
0.13258457695741271 0.06690382371363707 0.04450409422521556 0.032064761144990434 0.1013521480890461 0.10252065611458816 6.632010708706188
0.020558829942583928 0.024217419995480716 0.09367536487339478 0.15628078343391621 0.2140388349795494 0.17735729799457478 12.487235244523104
0.17340581440733685 0.14899638084823286 0.21525053043485903 0.019621315276378365 0.1248549107728629 0.23346772904019203 15.259281637107446
0.04979756691508505 0.032548236246556006 0.10246310696205971 0.14729655461210228 0.03550888246413145 0.09864874098531928 8.259332831187114
0.014393251892851261 0.22356035365811358 0.08891663943782191 0.24949471742338789 0.03986652244453828 0.07543812369121772 15.46170168025698
0.11218158485544552 0.056223833007011725 0.1832331583319362 0.17912982002595035 0.08281848212179607 0.23213865817415907 14.745222641901169
0.060006622500632295 0.1392263229011646 0.12409173696879897 0.22142528577689236 0.19138854451853635 0.08206375108956387 13.065304204308239
0.15353147013734256 0.22892465844051002 0.20417318463429043 0.13553519905164033 0.19066294704754394 0.053360407802038684 13.745194884346326
0.24234402158374743 0.06833515290932948 0.05274718109261439 0.2204603130493049 0.09516130609291842 0.12767617705338333 10.368339781932605
0.22909825965774028 0.023004177086845212 0.034088332372748054 0.18214441254360522 0.20037294544270812 0.16198904914039033 11.545043417705342
0.1275154227263875 0.19554992355745113 0.10912070425563333 0.2468235348214542 0.11791456077174708 0.07837985723137536 13.523371320804086
0.24183739983697253 0.20274599274870442 0.05079384438967183 0.08577685335410484 7.83368434590509E-4 0.15050732426032015 8.997874672268663
0.23861978444134788 0.15484206037950451 0.17590693624562487 0.06676701488874592 0.07573681172177901 0.1495016060634285 9.668356028268812
0.1233566395638315 0.003622062857480013 0.19223718370523538 0.1581772856823271 0.1672708177035407 0.09222135801518352 11.430020005718285
0.195720793217606 0.01806674707532807 0.1658006431675108 0.22851399742674577 0.049933236569512596 0.1199653088957171 12.005461173471783
0.22065278831976162 0.23883814035658166 0.22838180577061198 0.02925108546361918 0.21183049754210093 0.1992776397066181 16.78472429044744
0.15920290645081928 0.04190701790658877 0.2057069577038132 0.18549705145170126 0.14479068808184298 0.22926784606804185 15.44514385292143
0.0650822956139904 0.05911116318026699 0.14599562953984832 0.06155702130674773 0.034455841474085924 0.2025535121709642 10.944243561475616
0.06606298531597382 0.08821806052923395 0.18238761793711486 0.1468789609758607 0.2039049022076193 0.14254664934823658 13.120266961424525
0.10552830633440458 0.04596869264628234 0.11978641724074118 0.1291944796630821 0.23566438538705178 0.1862016432521063 13.154757924861094
0.019054239990867028 0.14574256072528816 0.19195525854320006 0.1828145961992586 0.16114860871953013 0.2337312732392886 16.82287980595448
0.13543182378643 0.20289385026273443 0.24181242218525786 0.2002864079779009 0.011780870827537981 0.22022463808121956 17.940828060417203
0.1761479709744558 0.1987948996443148 0.1614574291118258 0.19907011666395225 0.2289707097637611 0.10596075447305303 14.425815477509284
0.03324718842906327 0.22235992525244147 0.24677051493518593 0.1830114357079261 0.15854366267615824 0.1747391539453723 17.564439635830052
0.09251497113798407 0.06082658586250633 0.12880992237263073 0.16246158964557805 0.020515434799426968 0.24232563555214534 13.946891050000422
0.06796225562352995 0.15020688154334375 0.15362542396889478 0.07057777102334387 0.004743201726810753 0.06955956554252235 8.703130556396015
0.18915226733470641 0.21778707765970964 0.12754392104839632 0.1551084189176457 0.21303685117629023 0.20855775391290274 15.479680527339903
0.14559115068903972 0.24190795675609839 0.04409237750305203 0.05065870813638618 0.13593121710291362 0.21238949022240455 14.534622282989599
0.11139216512885197 0.20788374379992397 0.07522407530312 0.2117174680648475 0.23825769701013516 0.16254307789695197 16.503980613312397
0.23900250655331579 0.15805741846193688 0.11572196023466488 0.17962383245254784 0.048757075350420065 0.20825511178488507 12.5190610484023
0.19682945332196305 0.10072160223828927 0.008974679780719114 0.20002214772386356 0.2306831085906202 0.06347221820065446 11.69586794464604
0.10208888298628663 0.17888155403102846 0.1817596835028816 0.21140212376559606 0.14919258109926917 0.1818474722428424 15.396806289285923
0.09568894764096617 0.22986794868937113 0.19831879022914717 0.24009638791962332 0.07742841756694013 0.16607012017367867 17.10218840452092
0.2201128482278679 0.07973293882694152 0.19156411636607287 0.21500243488440815 0.022799386780073844 0.24316165542443044 16.329522307047345
0.027329282855541592 0.2286388918660355 0.09449005077168546 0.07354657346032384 0.14285665414425458 0.1326610978546248 12.892536011512673
0.041083020571706264 0.20137392935238752 0.11416637501788113 0.21359396846821607 0.16227290274227538 0.09522887812516861 14.049454924830762
0.21444033126339432 0.11934440648042247 0.24651973418927114 0.1385552641120916 0.08824517504677404 0.14782711578429247 12.510082774494226
0.11821835860404606 0.07038833620082155 0.1635398904177942 0.23161365830014163 0.08676448711711371 0.23083334350562304 15.892290466540386
0.21154038588605306 0.21135523254434688 0.22773143679377816 0.13140875886174613 0.17081212160086726 0.027106804483897684 12.3996698547798
0.12095150449780057 0.17628109137571854 0.09732340286955601 0.09461941604632887 0.028938567162424572 0.14288878347542822 9.86356671927507
0.13661550002051365 0.12316965065793534 0.021793575395724907 0.03948615343265538 0.23773236415104443 0.2225596033868307 13.558315491486647
0.24150222246685088 0.1927338322074194 0.19110128523340997 0.08954767682693765 0.09936402763091978 0.1306204285485321 10.271795578261251
0.22416743391778418 0.10815995748807039 0.21518478496030038 0.014720877224929374 0.07925876455892564 0.09408388821111036 9.803212328946577
0.08581933814810616 0.041080089508275686 0.2278942999373867 0.16066045863233988 0.06366926478556495 0.12085625551357235 11.852932013266571
0.14454761533734647 0.03286794583341318 0.23282002961823056 0.02026632924706015 0.12073854009328697 0.08612991355204716 11.44838809003667
0.1916448864122265 0.2343469337153872 0.1972500784063449 0.18878188250298528 0.08590779547371236 0.1905771663926926 15.16391552739561
0.17825379661761842 0.08059573289054522 0.2356651914869172 0.17650542688718807 0.11617576648611999 0.02488776665149034 11.253438766666996
0.11259659534426783 0.160180618785813 0.12024647786944107 0.07842577662619893 0.0017865569913194101 0.17340881070291364 10.600907905405156
0.09485199542488751 0.03160257310230036 0.17343554947317738 0.15563958438439895 0.05603988725153486 0.13115761268694742 10.385437751190935
0.04549494657756162 0.11063204403754731 0.005832381901401312 0.10910563254246874 0.13780144299873306 0.10895868048342205 8.994312418709608
0.21436048607519878 0.05447043060581319 0.10192863192560356 0.07687592410963251 0.16925653406889724 0.028923898288315486 7.9569443665338255
0.008678704070990917 0.19612344584872743 0.15022921418065432 0.0434950280877765 0.13690479698716954 0.09981005317008326 11.627333956469236
0.12429364020442973 0.0811403816254781 0.233184515814308 0.13670209522869314 0.18374059561159065 0.019157062047047257 12.600415215549269
0.10175776009817761 0.03995105509528227 0.06460281723825065 0.07617113028734745 0.18809711795823914 0.12658028113415984 9.273981208254476
0.13811248795886985 0.030748980122507513 0.03749665045577305 0.17089637058074805 0.1614429813863625 0.18255591695087203 11.216876783041513
0.14214485570179028 0.08839905421283292 0.00688926413921942 0.10242588569764732 0.23629038756326734 0.036734005266459036 10.590364063385403
0.06056504129360479 0.1447080849568104 0.05931396644102252 0.23676638956432522 0.24268126846012433 0.22382066488844438 17.434850202493628
0.2307876865177372 0.23994841979172976 0.15151928208117957 0.23706880567773816 0.16993283515100313 0.01781261374571899 13.418116611261109
0.17232330407177782 0.2474736899928003 0.19428003273848787 0.12564303110562997 0.020510720216878664 0.12361106621837306 12.42947967888173
0.04879057307900217 0.045159982467171095 0.10583505139930316 0.018272407375888006 0.14721530244500566 0.14039947864058405 9.139470879998226
0.06043522495875736 0.10413868098707307 0.0020476710290265876 0.21687676421653643 0.01906612808997707 0.12259614849940867 11.549941162548263
0.1780699184658954 0.20659411163662522 0.02422926638425829 0.041325696114490246 0.12719662473542942 0.010486156180984862 8.774512303278142
0.002408684480730894 0.20736142550298522 0.1990873648363943 0.01549186798774832 0.12016605409056325 0.07494143741739628 12.606852702238173
0.22283025566600925 0.015600277808522828 0.23046031031324107 0.13166303328188417 0.06989082496873258 0.20493801021106145 14.095652776559426
0.06023089491320904 0.042206528042824876 0.03747564151614269 0.07624965592171704 0.020020070333433754 0.02620637406883941 5.46385773025493
0.23447778361673927 0.19996790194869665 0.03520861384248622 0.08572524756248065 0.15925131826707617 0.22747839643511195 12.910455775145465
0.1063004761676822 0.14822612343584957 0.07960438163334999 0.05715518070711523 0.1526158012920767 0.24293944130591594 13.498688242801283
0.16060577796598327 0.17327547707773566 0.07973821024987737 0.23208674871862445 0.03506739168209272 0.21601870209621912 15.92204357689944
0.18611072158622366 0.12354939081797339 0.1748948551830429 0.11541234685895979 0.23828645575777846 0.09826003416981044 12.765366393939896
0.2488915536097891 0.1233084417721953 0.047513703561889 0.09384690824570432 0.14405596483585556 0.055257257365882384 7.061786908423101
0.17257153843676046 0.09587505865108958 0.23293013577890212 0.008490791813793475 0.205070812761934 0.19940592584187541 16.036054983102318
0.039136935210709184 0.003136602900111668 0.21379681808839662 0.016535804384669894 0.18688651880876758 0.15125349175267497 13.654957742288351
0.08409363170371392 0.12007602779214299 0.16793730015081942 0.09231349896437901 0.18677657099225156 0.17960183326103535 13.10728833894521
0.021264587930398565 0.04435052109146814 0.04860793838589661 0.013724085656943802 0.24651977002666878 0.15715406423401904 11.736827988794317
0.2229826650652263 0.20162728186663392 0.16225581794842237 0.16760726244803886 0.125144115105831 0.16766939806905265 12.436049299207834
0.22384981810173007 0.14755157778174563 0.20098689382405596 0.025153445952954323 0.034070764371678275 0.15140627892341846 10.404585030554157
0.19230207216234044 0.18925761704979083 0.16132109259547348 0.06417893384992338 0.19418174674091523 0.09455037501137784 11.513187022373963
0.17672285029397125 0.1704739943428 0.17222357998355634 0.02951878149109391 0.031424529589651806 0.1616396013290206 10.593749649475253
0.1181624168651513 0.12910271228499826 0.01977225013083178 0.22128855104917555 0.0726046880838937 0.19635479790842275 13.876820394625444
0.11231890874473177 0.22908750464850905 0.08265291084542162 0.006035076084571572 0.14503762754597127 0.2489292475203793 16.015917140711096
0.04038116350533244 0.0762015940168235 0.21756078843975513 0.0703860500027017 0.015358989582095472 0.07867237233933536 9.939445528884944
0.18378364229463748 0.15168776902181857 0.1507197109661372 0.09561137277944257 0.06275147475817544 0.11837668567811693 8.953176697709166
0.18763084748503533 0.06743029140902138 0.05639190322381804 0.004261619153594187 0.2174477639485036 0.016700198068737876 9.217759069331086
0.13335897769676155 0.1803272334433767 0.08431828278100331 0.22383131016993088 0.07502332127204447 0.15284997109222673 13.556123133878799
0.223554730020198 0.22290624459478928 0.23047266303682165 0.12413038535616239 0.12270115694974548 0.0302415250445566 11.273032631819571
0.24227957137371253 0.14797233334717444 0.032897421879679256 0.16400403823585272 0.18374848806225935 0.12732258618442938 10.399514043851823
0.03787803170609513 0.010523631399685845 0.14137150721460706 0.04333028422261731 0.10674255183183418 0.19181999148588344 10.768350372529433
0.033302591031006024 0.17349370510962986 0.06449570523869624 0.03930133214163009 0.12580239234309518 0.151532623238564 10.779016388888765
0.011279049123491924 0.08059453221449561 0.04481103876530837 0.04315773739824175 0.10720253798533391 0.10003054495022459 7.3050839039359445
0.07907364443470868 0.16000422164143382 0.06473306108204349 0.0884361844707928 0.23457359353702797 0.10865490431909516 12.501363202745873
0.15470832504573065 0.00457261833708314 0.07742103630832117 0.07289892957139565 0.03521841425013708 0.22881283433395694 10.699409179441002
0.14379926449788394 0.05515541248189121 0.004833540319214791 0.1494650284152342 0.10108908588189852 0.007336786626358727 7.12106332251299
0.1129553834212601 0.2335255637564169 0.16387148434169863 0.21233523156117842 0.18043080818831322 0.19658470882362394 17.39752131932956
0.002151431517061264 0.18478591387899335 0.19299050192833972 0.0011103654962252851 0.02685068203651292 0.24379416461969808 16.305036597950654
0.22856134401664296 0.12839938697342002 0.24938511306759825 0.02090936947693464 0.06705037098623648 0.1371129712102083 12.124340564377107
0.13797214633034016 0.003786545780976508 0.15780922487008883 0.19050229326379298 0.03320641910807304 0.029697269514096014 9.372977487529889
0.18566211017065135 0.005182197074129119 0.2393968931264262 0.18333488230591405 0.08111630064751268 0.0466254841863043 11.532435677235846
0.12617625604792146 0.0702045103199549 0.21417340124638418 0.020427100468719456 0.20697343329442933 0.18029672925712023 14.72784733641227
0.19402053811211079 0.03382711430060986 0.20708273872272945 0.0267143770909313 0.16880484007062532 0.22898319749827278 14.963659591896912
0.09426816705190358 0.1904551342948413 0.030680598696438882 0.2180479557426078 0.16910891160196032 0.0756484029503984 13.429653529993203
0.2313674835916385 0.030233129875556097 0.10062235549920884 0.0792029463761652 0.002569537567124608 0.012732524462126471 5.726056833899063
0.2450933095180473 0.005042724245898189 0.15377834205877383 0.21062705142883054 0.20249328554616705 0.1558913203134148 13.518385889978127
0.037220318651512735 0.18571008391160387 0.09539129499579727 0.11491128313158516 0.2260066755244921 0.020548065022738093 13.300555813271245
0.24983764400616854 0.03541270165018823 0.1969060908542628 0.14203082764085503 0.06634483824618265 0.03931619588763163 9.048187167783295
0.09358389504575859 0.08816802298968313 0.1417947338598538 0.08408863312418358 0.21963789222646754 0.1829525916131202 13.006745358146198
0.13986869739256488 0.14346557283203762 0.02330982894529396 0.026738967846756667 0.008427535425558907 0.009432695114943629 5.9771096650299596
0.23736272545266612 0.003773410736005872 0.1571607115595548 0.21165912876567589 0.02828828678784684 0.15426559531270262 12.4738181903614
0.13777918769665023 0.21585883752662594 0.23874476641322365 0.00570517915289967 0.2120440507711987 0.20440186794336918 18.41554506182738
0.07592460878881419 0.05700397355913556 0.2000029652260972 0.11090552167470827 0.15641246851087107 0.05948376790401899 10.721237579596053
0.1719492489100505 0.17550619927563715 0.16501804576605233 0.0407318913972832 0.13282332023047386 0.10904585698357297 10.240164201558493
0.02105447166784391 0.17091092469525468 0.09704381711768939 0.002502726638361985 0.12058187528168729 0.07623611217530213 9.434757062536631
0.11508599637586689 0.14265416037710638 0.18724704701744652 0.06102323301551879 0.14051722849798562 0.14618012028642846 11.7964303749538
0.017523910957606914 0.1579618893236332 0.11765489381394506 0.05219916973538591 0.1983959396303515 0.23608345720340246 15.184420812631178
0.07552916649857666 0.21757427885833056 0.20682035345228225 0.057269966306735864 0.08341359693576492 0.04023427410701014 11.631043947195586
0.17067539059087974 0.1850896009952721 0.1568287291116632 0.19322716747870325 0.23031569782460015 0.014246504462990056 13.959078805316716
0.1006292388236322 0.18625503116569309 0.1383471765491843 0.1549969670400621 0.0875525054839745 0.18203562899009357 13.226477094033404
0.2227815954809353 0.22451111492497577 0.24643673121523862 0.08199433646332296 0.11534244620193798 0.016348539324956307 11.525736610856155
0.1742092934454632 0.2095104700018979 0.21236740964553064 0.039968421338113236 0.08970093896549028 0.20922549447900982 14.5518329833602
0.1904892160418347 0.04450901883805511 0.06535926837580613 0.04776610947455409 0.04307530480841554 0.1149483984877438 6.307308273059923
0.1550147663529578 0.24464356532954853 0.03626828433940851 0.004197787846092177 0.03199542220968973 0.18206117907123695 12.445207658518806
0.20539271153641248 0.041680792480699724 0.21209091861823423 0.03889525017933723 0.023480405208383265 0.23751617595413507 14.139977308495768
0.06013508113731203 0.0672102940772755 0.17371492328243102 0.08154901101512022 0.0673051514815832 0.0793276650007908 8.608149081300933
0.19670754691063655 0.018164226956883467 0.0886293375648857 0.139687389707476 0.16169067961711564 0.1610687018402388 10.284508128382935
0.09664880369213114 0.058526271311224815 0.177951003608831 0.24704244954456295 0.037698173226606485 0.11374086954124604 13.113677608325725
0.019123550260045225 0.11403639117609374 0.07184846819682436 0.23321236755395927 0.12832920521189303 0.1269336856804474 12.562330751882012
0.08619910342493697 0.1523409255154463 0.05656187933964918 0.2137934840139184 0.14391058021759848 0.07057029240297288 11.653779465686315
0.21021806716455194 0.0164605405974603 0.21813715840621692 0.06627930042925195 0.14621018807806876 0.10205092169871163 11.323662653217824
0.1608487498853038 0.24157484237904991 0.05471659630360545 0.22601362557753218 0.12142402253522497 0.007241880330627448 13.672184170707776
0.010294759939871334 0.033219822929132226 0.058851619581479137 0.08338906436997645 0.05182068590173658 0.08084591403748811 6.433317335483196
0.08439409325899402 0.18317430391966544 0.17051628595174922 0.16569344641705622 0.12864913137851744 0.21540283417311576 15.46892711836236
0.09318781415890201 0.13902859805823822 0.09808536434253612 0.18676103780568282 0.09472235197411052 0.194025691445877 13.097602752695204
0.021334945613767725 0.05598246174666072 0.20987551406953733 0.014463665787303848 0.1847928525259408 0.09033814386887323 12.501990450785375
0.13943258788969423 0.17845160681769248 0.17040282334495552 0.049501683996474366 0.10993640156876039 0.06764855518648472 9.753583718776387
0.03590242551937453 0.02306005159031327 0.19934928470450344 0.24069506296116983 0.11925487577259433 0.2257243621532673 16.765080178411623
0.18325259822084983 0.03938822190134428 0.1045128380297666 0.008640727376539314 0.037486312564705415 0.10750898877236101 6.630736169818147
0.055939357403675005 0.026109134670959377 0.10349232976524494 0.015149900355867246 0.11085383187306441 0.15448944012113885 8.761614279568382
0.08204911401982468 0.04589348255980741 0.16937593398198192 0.14410639671768383 0.21957153492069909 0.1702558418322572 13.509741779923825
0.23100797089274736 0.0955615355186695 0.03869862975026486 0.046437062693110404 0.0038261895036454385 0.18901792983344176 8.275037356181642
0.24150331605425115 0.058609433436453695 0.05194425114035184 0.1587444500383172 0.229331951578582 0.17372642134301614 11.96666917889715
0.05086711521611939 0.04548942802864059 0.038017952494294016 0.02014991279146558 0.18837102851618195 0.02609934540763925 8.246366409116526
0.13101246871293268 0.06526997112657781 0.13062558520041703 0.11320627556249144 0.17583645151808025 0.09473106187000369 9.667692581115237
0.019416335990925376 0.2377786448052227 0.15118242683934494 0.1228804605011217 0.1765313956593763 0.17386292512098273 15.884980707238613
0.14298027024862228 0.14261911529760624 0.06564323877712255 0.18793976406828167 0.23779059709336475 0.0029620874189669744 13.039450310457612
0.10034685574798141 0.19497606958327657 0.011000151826360077 0.18430532427973967 0.08940803321295251 0.07947538803189477 11.632826527893934
0.23546794658804857 0.07464725856410945 0.226730643041607 0.1926120957946318 0.10350681153603611 0.0348283239397463 10.915324778872995
0.06406926741547489 0.11588059089384159 0.21138408017201557 0.077228436721336 0.09909383138447125 0.08759894834211962 10.688911803194769
0.05088636596273205 0.12030175825963749 0.2200551640857283 0.02107708925444951 0.036917279901950234 0.020830352121494727 10.026573391651857
0.021005768823906062 0.052292863811558704 0.17358319056608795 0.17684239050434505 0.18829745891308236 0.04051498819269955 11.68441759790302
0.07377098082113903 0.18676786571384046 0.009907748762987834 0.15747017989038717 0.19883316766452877 0.09459403970007577 13.010140652521349
0.07403934485730754 0.13937228108832558 0.12566942943469056 0.14653480305001892 0.15239222468029895 0.19141462950347815 12.98301512364415
0.12823003070761552 0.23204268466873554 0.10652539233208366 0.17617245051263952 0.1292654249403128 0.030869100747318468 12.212426693863307
0.1628053681256863 0.08577032993455319 0.13600763458054047 0.08831795884242383 0.07258121938744266 0.142640488639816 8.775064999364218
0.12039285794032947 0.09283957117723693 0.009430815335689652 0.19523086780697366 0.19042101614372134 0.03367647980544822 10.623223583922229
0.05459077260164097 0.12311760068233801 0.0742969485564541 0.17139954725325063 0.03501243011718336 0.24063475506914453 14.416907566003559
0.1531090095589338 0.11086220512289163 0.05587897974144082 0.18935495264317545 0.03097496759087423 0.22435278933228472 13.410623080680281
