0.040957705375332526 0.19561672273025532 0.23852169474418933 9.338273730812165
0.22011064598081573 0.11766360145187027 0.038914335361899144 1.9286637776866133
0.15317804493492357 0.11324745296027564 0.2189072251229615 6.5565420272565405
0.011604954833890707 0.024371595045543454 0.11601441787047481 3.319706250740288
0.01268639973076996 0.14710739522737476 0.07755038032390713 4.17413038483803
0.13396493803151746 0.15816311556293702 0.055799406570166105 3.5195375150825052
0.2074249235486885 0.14887383740617044 0.07301330307171353 2.7315576068953487
0.021654583870169025 0.24975799365729087 0.14784100980697712 8.464901561026707
0.22902952130085372 0.14269802205270593 0.03002249330143833 2.1530822087230987
0.15589471720720685 0.0242933966687833 0.029967231938287237 1.7508182957336083
0.0786750364325711 0.04950088430427907 0.01973679753453908 1.969755764410937
0.10237006847247992 0.16182611216278436 0.15187091533478272 5.37847799724533
0.168975019945542 0.2015988102964307 0.011683274903112578 4.406408783611221
0.2235096613396201 0.11292243469146845 0.10208976232926667 2.5844468165984393
0.10330219017411313 0.1130562021495044 0.15489021492194519 4.658485074987995
0.005910308781386958 0.012900870357049482 0.0241441390127638 2.0366252847256785
0.17761796275821395 0.041410338414578834 0.05827580751615047 1.924847223549091
0.08374430518057974 0.011005384745330804 0.12749259062602827 3.4415778654572176
0.06370429189704888 0.1662517144400519 0.10818711766491118 4.8512480111506555
0.07243660712407654 0.2101255126089303 0.2354398350908418 9.340869121175185
0.08803334835658425 0.19735346312180113 0.0263636093921554 5.086714542106531
0.06332911898872712 0.004160664777758533 0.1095535697716595 3.0688697692257896
0.14868921397566565 0.07100304262223414 0.10410221661247637 2.808137107196836
3.7739601071745676E-4 0.024111530688255944 0.2114538154282799 6.456458555820914
0.09741308176879163 0.005369113268877013 0.00745141493872431 1.8111608272863644
0.028651074215649275 0.05817625162088569 0.24206559651176326 7.856382244324086
0.05346642143515637 0.030200889071145737 0.0456265313062052 2.1111339827327567
0.13212846001262007 0.18308213055419978 0.05319864079949396 4.202421962423105
0.08642422960480522 0.020064281203123174 0.10712970700706786 2.9498265031507485
0.13417816904885355 0.07348733142240083 0.17035823974518738 4.637024893398168
0.07189782712289144 0.014420884787517685 0.14923040385926487 4.062067842504964
0.20848902689113497 0.14827791163830084 0.07131251051614379 2.6937458395896847
0.005560318612774756 0.218997991477495 0.07031464731573422 6.443504869429814
0.16492122008189136 0.24904353410036034 0.02555288608782566 6.315796121934594
0.08956966160780316 0.12651996461593198 0.04728634318739161 3.0938482152132987
0.15377691567339274 0.1488642556635562 0.1423870325675561 4.453893477283991
0.19175923337006684 0.11750617344233008 0.24268795788575964 7.322472776296253
0.1018926645521526 0.23304827516475227 0.22309366057147015 9.201575439896015
0.12184266244410649 0.08361598050357144 0.21683094419648158 6.487109717230969
0.05439574844642958 0.016738080466147665 0.047035238422390685 2.098561696041047
0.02275080307063998 0.18315696470496018 0.04716221356726555 4.976501163404904
0.23019573200606305 0.13380485291517238 0.1956514977311905 5.155422061609636
0.2063213385288532 0.22568360882230395 0.09085930893635025 4.742016477685139
0.08664502331515536 0.0034772367391858183 0.21821999637514483 6.590368109702984
0.16547410414269598 0.19600795589629424 0.022605067770790493 4.211327219961129
0.16723891723058168 0.1643432117553522 0.15164128709759025 4.804938189623212
0.05415346631369439 0.056923561663189515 0.010347555390092134 2.0805725699623165
0.23476881102987718 0.08320917286866134 0.21434944249966925 5.807545720675592
0.07846897887365603 0.20010458891608227 0.0201517352490605 5.290165703745988
0.11361929023172554 0.19962843194477287 0.11392207926092446 5.461312133635251
0.13922946926383012 0.04017329057655217 0.03188826276551371 1.7970629099921522
0.21763139819349697 0.24639609941929824 0.23481971950175454 8.172803301696822
0.13639819465177308 0.18311386772803512 0.13021820977627332 5.054292983502052
0.1714546931138614 0.08496630120243759 0.1487679663665244 3.836175200297145
0.10869680632965592 0.19592624758444374 0.017200882002588957 4.875536849152396
0.11198841158640949 0.2204420558260142 0.11604670885940024 6.173520608972833
0.007796062481551652 0.10463025065765469 0.07079837593094548 3.237845952931162
0.23436857893666532 0.14872333043218333 0.09290228767307032 2.691640642418781
0.03223785827990522 0.006013171072289436 0.14684333518854958 4.0822820595204945
0.222089366513123 0.16362312548862262 0.233577337085176 6.8879303396177445
0.23476648766625502 0.11952057054590945 0.10478649093836248 2.5946791608146604
0.22994263946357352 0.04166812308933951 0.226280401943303 6.565953039107636
0.07128042669036719 0.1876725810311992 0.02120320253025504 4.876017965847167
0.04930276459870114 0.16912511099314068 0.09060722039858154 4.757327468488925
0.08566764334584287 0.060692420482770404 0.07091202136013883 2.4549281892481947
0.13925112306597662 0.24911776007895586 0.22038634316025466 9.088890838675463
0.14271813603688127 0.08659903807327196 0.08728622718273726 2.6444762591407645
0.011597450616257277 0.13594373052858688 0.09515538647169725 4.155848309953278
0.1788225063425085 0.20587562583436314 0.05940722068590995 4.357998576476009
0.22907719618746797 0.15063750129435188 0.06607626789862231 2.4675220021220183
0.0748138366616603 0.2376066319205002 0.009946859487471121 7.036373397585883
0.10104392370891485 0.21306063601837086 0.1172579960634069 6.058670131048679
0.10698404667302255 0.05539882163176724 0.13974844958290958 3.7510639582989884
0.06058541211789359 0.08529400139732451 0.05145666320172701 2.5806262725040403
0.10574221754252847 0.05878129729863857 0.04101996716482409 2.0532753581750534
0.1980170173317218 0.10265418990803626 0.12384199223367404 3.1346954753436744
0.07866061538882868 0.04252337160533953 0.10372035754048589 2.9362653958245843
0.08358574033556734 0.01840159982424469 0.21892784282192335 6.594505673987481
0.10769851729098767 0.17941961988107555 0.1793149175026077 6.450464068182527
0.03348629284032867 0.017137224265956763 0.012425726349898664 1.940537507225683
0.18347171927997905 0.03466445419101072 0.17264795348112139 4.5380760424433895
0.23807339895103913 0.0983283340458003 0.08135346618795852 2.080885106538962
0.13165860002230764 0.05366292413170379 0.20862252592540434 6.014560469777679
0.0556731628850303 0.023534588958026764 0.20546763802381549 6.085962106690027
0.03445616036948576 0.16278406072611792 0.03292460441853981 4.248688391131121
0.21446511554233216 0.139242749656819 0.22033410967308184 6.265389113792769
0.009721125006172976 0.030534410900985826 0.04976242131091699 2.2516121786104435
0.21443382245374684 0.1271216519885891 0.12504522558933553 3.222998444958753
0.24069416456094384 0.18738341960733537 0.158934789704552 4.445809349795782
0.12087621301862958 0.11768437072875354 0.22476838771215232 7.062423296342784
0.07349590860896749 0.18707330213650492 0.016262844412120753 4.854813304802427
0.17599463675496307 0.2443404560619375 0.09259551275201341 5.91072247346701
0.16873182634693937 0.022852332926934088 0.15712862756509233 4.101537043781243
0.01989429315383004 0.12753045251806297 0.005277309191368346 3.3502035031147166
0.048223246756218 0.23443394167414447 0.021516745670450504 6.991244368308843
0.22212170496569336 0.1927936092122308 0.2406844107388686 7.456463440502304
0.011110893911946945 0.19745046901554641 0.0693509369446195 5.607981342819096
0.12860405502636788 0.14930828947997693 0.08964794125079412 3.6994449017544113
0.1132171445923083 0.17717893912756114 0.04819762156705493 4.193107783420441
0.07144888346489461 0.23358649734527548 0.1831963487213516 8.3246417028889
0.04480872092676358 0.17390085500447952 0.207560714892186 7.693761810294799
0.1741042256345598 0.205866971197887 0.0662198237529516 4.451523960496638
0.22982105739199138 0.1435444510981229 0.008345425850223409 2.164855452094411
0.08651868230993415 0.03844680896730121 0.2169467322302033 6.497563717317075
0.13158272132904875 0.09546822211944794 0.15579763625059806 4.334737946069952
0.21243123721678905 0.24717442282864371 0.1460928011730154 5.991785079001913
0.1283481215030501 0.15919191463388374 0.24484730348725273 8.32185217652695
0.048107995381115404 0.2208958972843532 0.2215187038188654 9.274237469902207
0.236090575942438 0.1544750913285671 0.06866049217516135 2.4740418187053574
0.15166580849358255 0.18244494301677147 0.1111773663570888 4.536959924119352
0.06544832404820455 0.10888440303226263 0.1020399588540063 3.574927099124568
0.13861568467442445 0.01727983161763358 0.18511202433874122 5.123696543753547
0.016221974697100516 0.15447598567173493 0.06865803055853636 4.26155085246968
0.020047259908339776 0.10792951426578473 0.20343889067515455 6.5906607191740765
0.11300344112561453 0.2196370811676631 0.22484977198800735 8.794222656984747
0.22868163501732314 0.07968860205556658 0.16236560726033308 3.951022885970652
0.12332951510254819 0.20376517886644632 0.14757594768740723 6.082621334014098
0.18715681574686943 0.21351548378930515 0.04120441682485573 4.466984107958954
0.0689962330217258 0.10519016044508397 0.032263947265159104 2.721004395409645
0.005786974862517086 0.14870020725627214 0.21547670248870368 7.662350607613803
0.23798594862265732 0.08653614623289216 0.009474500931186569 1.5048700751688098
0.030654901530471845 0.09078427373569722 0.1711061240577728 5.225986801315084
0.08983350402698398 0.2351389010783486 0.15199010864526633 7.504526725530256
0.17035278511010474 0.10948202573006707 0.0024885004955729206 2.137770219274564
0.05952181722780894 0.20884076638657262 0.005089340885812477 5.873574251126894
0.19266885367803388 0.20936520585843135 0.12912777371978684 4.97119008548399
0.08232346714383193 0.13272925221917597 0.248914111266146 8.530514744313278
0.10380953779962485 0.10006510595804757 0.15635419858818037 4.551860995716956
0.21491208105818302 0.10951400478714807 0.19925398501418926 5.31701250521093
0.08872622582154699 0.17730045502608752 0.14130081015589757 5.58488264874579
0.011915979339608501 0.16318887620996708 0.13040489700652755 5.411901859192557
0.08425231604671399 0.18557763152581322 0.19530947659255848 7.275288519861141
0.10458214661484055 0.11143486842476474 0.18449537052479303 5.562366171123838
0.2181151886011323 0.05470057470554138 0.09386426651976182 2.3357874366685296
0.08190991787183541 0.19951219774765458 0.01664249415201663 5.254619088495403
0.038626746210496415 0.13688216679767432 0.16919666798039848 5.766079328848155
0.059393333170718876 0.015887040934142144 0.005174847267145066 1.8709179255541133
0.07772748156818832 0.1982220998198761 0.14415762408174962 6.286450227987146
0.2161151818193948 0.2448545061591055 0.17395949678858968 6.410743722001338
0.2259082531243532 0.05640680773269874 0.0776826360854729 2.0475108035637732
0.09444462986269234 0.062362547108426314 0.23745502693686482 7.440112187079931
0.10180043564570102 0.1268380444740392 0.07715851331331483 3.2987723084803267
0.18492755509258949 1.1382558527625597E-4 0.22368842228175095 6.783940361125856
0.1434422710936523 0.22799378140659932 0.04479880881373616 5.63707003364651
0.011392107553188036 0.18791956550396602 0.13096861441449573 6.078305604776583
0.0375238004155207 0.2169992029474354 0.23840709634872698 9.847680462097003
0.05193275297707087 0.14189072676346753 0.10819676206474796 4.348195085545484
0.08850573881019891 0.1313094812095172 0.049905609171142756 3.21677254421212
0.12173928981459173 0.17416045193266866 0.00834863983073239 4.040602516677568
0.021212995932681555 0.15759843975235505 0.09207660277428456 4.58934068762467
0.13500182955008344 0.219815038249778 0.16966854292410752 6.893324471247413
0.18923006871510878 0.05476839464231309 0.1980447845759379 5.391023551866733
0.18899125314937842 0.06603862079172254 0.08875012146045805 2.334105610708081
0.09167464391254829 0.022152378409608042 0.16315454329970835 4.446093738650096
0.12237314832067 0.09321471432701078 0.07575554599018891 2.6544231895832393
0.09329360414634769 0.16401889738168515 0.06269213115684283 4.061353978929572
0.06769218801123653 0.035033118128333374 0.05115144762467008 2.1423264423102033
0.21650124592520778 0.047303981113192894 0.07509175146339989 2.05229036236486
0.11043705079588892 0.2052759575738859 0.15947345810103428 6.5276381711155445
0.11924648539109806 0.23582215118186872 0.05115918558995777 6.272440932169062
0.2021805236557439 0.13974714127597124 0.2325694357296434 6.892693588938901
0.11333092953649868 0.24312688315575878 0.0888563972216746 6.750544969022743
0.1358472995677501 0.2382050835800259 0.1286575404366254 6.673313134355798
0.03397346437518098 0.04962605620461352 0.027316603697268432 2.133141447971153
0.13739781797307518 0.20969196244613877 0.11535524623229518 5.519235095592766
0.22159434955910112 0.05177641244176487 0.23609780217220286 6.954107313374195
0.010179244097184958 0.05545133751098277 0.042919372880184214 2.3370129148137453
0.22063036207333084 0.14129442267364256 0.07792293267256636 2.538499450840412
0.23827693532558258 0.09291026195688196 0.19645904281031557 5.061490947884044
0.12094478127244612 0.16678445711527434 0.0680798582070663 3.9442652455003513
0.18063793337599585 0.0667863108634548 0.20336083220047396 5.615044655493085
0.09440729577016291 0.015297152927907093 0.07764159764153644 2.3930074915860753
0.1631120578670549 0.015172897486046055 0.19995945263173537 5.672513152711373
4.286838985311514E-4 0.07573466294005468 0.2131865081871306 6.730562519334226
0.18528978577744581 0.24895928496565078 0.15230314397178918 6.650102880599451
0.20867706638515585 0.23320056474817866 0.09381510159398573 4.9665472550129035
0.03987749338421562 0.047750777865240096 0.14224966372456546 4.00084041710355
0.20750285870643068 0.14418140910992397 0.09913179820419815 2.9968536700295263
0.045950010445721945 0.018759408673163558 0.08697859935839125 2.651178325518023
0.07147945531369881 0.04751752243850757 0.17523923189065754 4.941472500157713
0.0027142528149600165 0.17221857231393947 0.23705507966799977 8.946774441451085
0.19824076568549392 0.11849049997721775 0.10152454928289928 2.8123545424008025
0.1462034303205834 0.2366141029089186 0.15250924580162759 6.876163867204116
0.011872477545838978 0.180885399406603 0.18954159575407534 7.373516224079321
0.008742705041048265 0.164389576685544 0.03492825612022554 4.38696449350706
0.11949414501580535 0.03978142763459222 0.02814287098211629 1.8328934118469036
0.026069611943377674 0.06733974452075789 0.04556143187995376 2.4310724662384118
0.24744904246506944 0.21113551611170203 0.11131734869608254 3.8811869693306607
0.17298677078907726 0.24531106177452333 0.029025048689168387 5.989694325079343
0.030387693742952693 0.23034055910703213 0.23816621500978552 10.222296967072307
0.08854400449924144 0.2403343056626547 0.13081704177798384 7.346927004401518
0.1082726972317688 0.06310085590648071 0.017911584246042805 1.9563303504676886
0.23150929801571726 0.16526712813807953 0.22581149244035134 6.474544886943389
0.16432320555702726 0.23775147721592618 0.07769277894131546 5.765712093680648
0.20665483209447372 0.18436295760349558 0.09784166095575067 3.709030771803085
0.16862853672039052 0.07797975220611211 0.02166145891531343 1.8110378767138577
0.16986049990682783 0.09694105508336892 0.12588427127362897 3.3251661633434866
0.14365592568242264 0.15055326143921666 0.1871377178477554 5.84779302250781
0.1427713352919041 0.06213667090435551 0.06605683135820695 2.175592616578719
0.07631562915845622 0.030731170668700042 0.20652263831113854 6.080952227923388
