0.035630594229173945 0.1662818241235361 0.18630827717831927 6.8652559190483595
0.18737979929727075 0.032489313353117694 0.10256257785254164 2.627483501703857
0.044682076538192145 0.14711986437723856 0.23033819418918935 8.101432345326153
0.14972471637838655 0.045323151967779696 0.09330333108905359 2.51948348348807
0.24027474469145715 0.1441994089478522 0.14178292478633137 3.5210840381639557
0.0975194541672631 0.11034898047114369 0.18162902522590732 5.494201543594719
0.06543275576738719 0.019427283281867547 0.12926302151721802 3.519028271862137
0.08565017621774748 0.11668910353964343 0.23121556717433953 7.547026967273164
0.2464430376706486 0.008981236511241497 0.047544683718689085 2.0430862359681075
0.1724758044986591 0.0430309376348153 0.2357000281970966 7.086735837316226
0.11607115951668237 0.20928138661874052 0.16222024297292834 6.643043790189927
0.13567768231786478 0.1369672080673995 0.2041272593231774 6.333598458524501
0.18279992019255123 0.01827703570617417 0.07219639586212573 2.170933875050303
0.17530823284742691 0.09677196297882734 0.09262916739224339 2.625347445385058
0.15229266070647163 0.18530052545890405 0.08047302919666954 4.223086099763852
0.11606912531095762 0.19200666220184123 0.1477597949948688 5.851379085359713
0.12875718639295913 0.10064212569012854 0.16362473689878546 4.630678519012706
0.08186039864349223 0.10348656515193358 0.14998387605351496 4.523194852935557
0.2175126870356258 0.22087436140624547 0.08082838518152871 4.334395257843754
0.11533403131622605 0.19221994410194368 0.04912483727386527 4.651134059816268
0.06667149967082556 0.03995903830033362 0.23582528861447874 7.40520681147528
0.04774782594731758 0.18585239773868226 0.05584099395126746 4.9848768599964375
0.21611358466176284 0.17505694726650872 0.08882016089162345 3.280864790852976
0.005131574883117246 0.12964365236898265 0.14173030786123364 4.987919678663598
0.05887172911439981 0.0815751792191893 0.2288005056101779 7.2742171710773675
0.11452440371784842 0.1441534202124201 0.22387303681377277 7.358294856370363
0.07152115818462035 0.09476915670862879 0.08125144077085039 3.0075965411075813
0.0937900828086401 0.1605410099220831 0.1195092788071194 4.7071862225234025
0.07138368738411616 0.2366990681601792 0.027728954903827097 6.88904660363624
0.12383120054037464 0.11595707521164383 0.20121125968597345 6.087278288023751
0.03436217923063331 0.0326509073140375 0.11556904801377352 3.278350617592406
0.23756089893058868 0.050037610751059336 0.1690370293284347 4.261167710352124
0.03540887549522087 0.20149047947194754 0.041324955789400625 5.577579520831425
0.12400477595748513 0.1404538784610382 0.21152657771241365 6.749301706762115
0.19623718048435515 0.07964012523805544 0.1058575643002364 2.6525974765080527
0.19274103039122326 0.03212727279645769 0.21340009959249057 6.100980646024562
0.21149117718411659 0.1893598047758949 0.23271600865644254 7.246046187998914
0.23648363362939293 0.08472710087901528 0.2419120255202378 7.013614925323418
0.23461355665439595 0.0832790201802929 0.06224200898530363 1.8118002569021807
0.20200415650395323 0.0849184998928067 0.0220676478390944 1.6908371606058483
0.19986962655022572 0.09925948403396448 0.06926094429806015 2.15626585267176
0.24940013813490128 0.019347332877514944 0.08048051156730024 2.3504187941774353
0.06400232644402912 0.11185974016264555 0.24217798540188282 8.10079957493321
0.010672080292683656 0.24721244044381335 0.2192892802959726 10.153170266258082
0.023767503851047755 0.05920551999752957 0.21051517912258508 6.467305709554712
0.12298162885180872 0.06550105879550391 0.24210925710082504 7.552010869715725
0.1479274417111464 0.1808202271699324 0.19848480308105423 6.67179659578961
0.2032388678352651 0.1584115858981219 0.21890471168531767 6.470720569323889
0.10030732455691549 0.2429096276439728 0.03601984315721998 6.857287176909193
0.1258083204529698 0.22536431106933905 0.24246722879750632 9.428880829652718
0.23522992102521026 0.08128737641625092 0.050041855230146676 1.684921649545117
0.1872273941010622 0.23935411133431453 0.22599961201054064 8.259311196849886
0.10636839816722343 0.2082326351521504 0.07675007868617215 5.414642777725894
0.22258679071457207 0.0016221197137796517 0.19535464969585906 5.647029889629754
0.22296955989987333 0.09133854424488089 0.1968201600116037 5.155064529579656
0.08041315365589602 0.09695198803968738 0.17557809122148488 5.241428271449224
0.24401790510167573 0.09918736855320207 0.055903239828790946 1.752325537177819
0.1028968248878093 0.21091113006294587 0.21546361923260507 8.363820701805654
0.2165953970916534 0.15841369482318773 0.15136063922841575 4.15952187568576
0.17859285140390632 0.08048165604324542 0.07534640978187004 2.230581522494872
0.21214857628824776 0.13842426940748895 0.06624115257041882 2.457352339132981
0.12635562382099877 0.04952746985692136 0.10793649297109784 2.891968829176625
0.1561517057459201 0.06635931815438484 0.1639376340839691 4.305075120956006
0.09440510481735614 0.19203430822796347 0.1838135662427906 6.9853070821510475
0.047645334442467185 0.16452567074684527 0.1624210670357198 6.069710930487318
0.2128171846342389 0.17799372963092752 0.0675537424438368 3.1850283058052367
0.10506945079927318 0.14282157601122195 0.12846047513074363 4.4400545330599
0.06322854834869754 0.007978453580923806 0.03621332280738945 1.9939118652535432
0.16078040980306488 0.03801462228007901 0.0776583990901927 2.225348883849302
0.07658616960396339 0.1040185267534065 0.09402562482996138 3.311198750978244
0.20556393598920344 0.22213002015905195 0.12066809801466252 4.9804023987543005
0.05988735456692887 0.15232076787148835 0.029238655003533648 3.818204835896095
0.10560064179199893 0.05175182127068184 0.13465974006151094 3.6058748106760277
0.19117409810622746 0.21100890144113546 0.055692014292379965 4.332853868467733
0.1418175650879199 0.10542447006104008 0.08936092349735858 2.876813554542424
0.009786949061676431 0.17657178776184732 0.09125329864368939 5.133842886214694
0.14682293125598414 0.03534922410701333 0.21104822279044091 6.079032418813022
0.22586240518698866 0.15161039457946152 0.05195236424710176 2.41492759345894
0.21897226256740168 0.15357646611451267 0.1952913600392271 5.390438722774617
0.010182815585407484 0.1941313141193586 0.1475064632790694 6.599866473562895
0.010192968232556138 0.13937156106829054 0.08947357865242275 4.150635800829182
0.16726033336006826 0.0027515457520876085 0.18495285224424016 5.1720629428448985
0.1124893437080566 0.15944320013511534 0.07089860234441017 3.855733074953042
0.1015526413221445 0.04030402625708962 0.13992561812760015 3.730892841647152
0.08338956005461115 0.07342693649486615 0.1722578433460151 4.925017032687361
0.17815735972843097 0.06035897885729902 0.053450325132497895 1.8883298208484334
0.218655426128614 0.024165378688693923 0.10732541124543946 2.7580339102859064
0.24549745541857834 0.081839117429893 0.028298593576978753 1.5054806046050575
0.019371125685492374 0.1027654490609636 0.11977307469906656 4.007771768438567
0.20226831033236706 0.18828627166074013 0.22635270058085233 7.1114772208048525
0.09292097993747064 0.0075820804462651825 0.01309408287564301 1.8247916748207587
0.024239648820643972 0.08235829984864362 0.2340799260981547 7.629214215104341
0.1835630538282271 0.13070964157000617 0.23078076598592795 6.929999018883996
0.14695592688702633 0.22706418128909206 0.14020314830483108 6.332623202998941
0.1983540076390594 0.1853843015502757 0.08144559492185208 3.6606390934978665
0.17761612642644808 0.24219490196725618 0.13966802142387916 6.3440734414272715
0.18047400755281737 0.2091333689578855 0.07168340761797501 4.492626053660591
0.16668932882089812 0.11383180312632771 0.04383037991755617 2.315412624988215
0.10177442349305274 0.22536531416564995 0.10066053228842653 6.2783929047892375
0.1864822346342889 0.17301233619469736 0.024798146685072797 3.259295562656017
0.0442060720231916 0.07628557468700753 0.23004667112478694 7.347088968024904
0.12785818534032065 0.0652476448666304 0.03452996234151118 1.9651572989449464
0.10010545323238076 0.19204973101090203 0.14368228494260396 5.916642626834606
0.19664729594218217 0.13910355498443192 0.20768287638794977 5.942139762517449
0.080888431998212 0.07052317862242935 0.11584660655973997 3.3473245100516014
0.010611288133125618 0.18030665392529874 0.14347170637342674 6.129016098222187
0.034136605183034324 0.053094596823089146 0.08005246762331364 2.6956873384775313
0.1548550830550683 0.14849370101479706 0.1617053553999495 4.940047909194051
0.0593158102337831 0.009972252457899844 0.21167923455237464 6.345807651710091
0.045624338242053614 0.12980347562444464 0.08354563087320666 3.7442079777241526
0.001238379762186964 0.14215445446962044 0.06454541154630178 3.9507506368798637
0.09790270580326813 0.15787642130406454 0.2488320291756607 8.735425364028925
0.20901270174290204 0.11177937236658572 0.08064083400744762 2.3426538486905644
0.043125998578250946 0.2136845095466627 0.17056429686494295 7.5809500876634885
0.06260220643626593 0.031388922464411745 0.22295317554742797 6.8193568633035175
0.09775889312458741 0.016010020910141864 0.19846038317442968 5.714924733747211
0.05257114234647098 4.4488184109389706E-4 0.02774524145205609 1.9742483219758138
0.148122055610343 0.23672036833550458 0.06863161385405442 5.937209939094017
0.10429965611065664 0.0824649704553469 0.026224304183255304 2.194341610122841
0.16949784233712906 0.06048277934697743 0.06515351745768017 2.0514212166074968
0.22142439615114204 0.07274773923557076 0.0775902513593004 2.0449360460818564
0.14955685808442232 0.12680772516606675 0.14256854125723425 4.176429560981109
0.004863357468313262 0.12776740449736382 0.16959912665059462 5.732244083502548
0.24500721326906863 0.002727543173447866 0.12063723016948702 3.348061462373733
0.08122070105635573 0.19697623754298216 0.12751851491220886 5.90053940961781
0.23213723181254636 0.24877359045695488 0.07455350596333793 4.968046343565529
0.185187581148708 0.033580033632539835 0.1535113145860945 3.9200169454313696
0.1037591584193783 0.13582385080317796 0.22454663539399924 7.361655463015174
0.22465086760790093 0.1765719491219183 0.01173881253663836 2.9072071725429116
0.18771791774851604 0.19980737211998328 0.018590611279258706 4.053924719967893
0.2193297419077285 0.06423618858453092 0.197839859050773 5.263614522794041
0.18245055225072296 0.22897150808343272 0.17470809989034747 6.587311052607896
0.17596033942170772 0.10287391768543783 0.0177820128881305 2.0061908867381772
0.09850911163935458 0.010585219960027259 0.17506105173013264 4.852420505425556
0.21726478564836418 6.611418238805511E-4 0.11059759101785921 3.0511492590114986
0.208024027407134 0.2315528906865765 0.11122869902415108 5.0945448888215825
0.24244079218808257 0.15841797712794176 0.13226155238202336 3.4234180572344415
0.11691524929851238 0.11877832211206688 0.018443514876330502 2.663063009906212
0.15280256056014424 0.11834030863034656 0.026331799586092164 2.4126057633348106
0.11347362376899087 0.09842175050564916 0.23933912211794958 7.604592417515635
0.09394841332856571 0.11120095567898503 0.20819160496539302 6.493730506199464
0.1965506760620601 0.22895116772004248 0.004306668871739583 5.093655423072069
0.20172409149849588 0.1485459581237248 0.02838952086929797 2.529451717252702
0.20291927557068193 0.16646468565384187 0.193797407487467 5.658324817342919
0.1019352782848402 0.1614623185049679 0.09108671030066298 4.214642246743648
0.22590161778677828 0.22485776245751432 0.1668820826701565 5.574688440285758
0.22672571478690287 0.23264142724754844 0.0727644135710164 4.50622670884373
0.031701702185763875 0.06057699698149219 0.04270958077941714 2.3274117035024116
0.2246073293939713 0.2158656293369945 0.01572490709648597 4.047699347752805
0.23021522812703815 0.15683329255632056 0.09591840795992135 2.8903325223991465
0.04698091268373286 0.13245566583270185 0.08949422187269257 3.8750208760037443
0.20870437899667843 0.08497796821307332 0.22085971351905298 6.19911854196625
0.03463692603715668 0.06947997350609805 0.039802116211450994 2.3863353426909315
0.1384952365211844 0.23835557013019623 0.1010978300072195 6.32215622966115
0.06103773854431985 0.0800824477232498 0.15051715325658588 4.387530146018954
0.06175206405473005 0.2132612397368506 0.09206566870230776 6.103129415170818
0.10035973298722026 0.12366654016557921 0.16473863537029917 5.101070615895496
0.060970146449834894 0.0019151749881694546 0.18406323275679445 5.266067512114056
0.15236555617495093 0.13800704625890514 0.16052254881252614 4.780794307533803
0.08276506541540887 0.12773416597232323 0.11668817347784874 4.0709213899846715
0.10057534308689439 0.15786804458483486 0.10761940836625553 4.385116203379493
0.08807372862430302 0.03508504408916738 0.24205970606289257 7.6372011737737004
0.09714786749997095 0.04519990720501982 0.14964561646135713 4.033330983856783
0.03736635695585888 0.025445730160679053 0.24421966919414473 7.866998213377084
0.02694790569493158 0.055378805727189395 0.18165793708002798 5.327309414936357
0.05483876352670733 0.04311986338470608 0.22333662942813406 6.8750709564272405
0.1638889121962232 0.2467403683856627 0.17385801276411766 7.377622978173015
0.08384347584316351 0.10483591345990906 0.1618657108415491 4.873597351457676
0.1065674592140678 0.00744098301833096 0.16566931825128084 4.527726375280103
0.01465411879374337 0.11454235100616347 0.2427865039814138 8.336694538270704
0.2440596792771999 0.1436450245057862 0.06059537619976263 2.1714245416152593
0.19875991315600713 0.02315987819005849 0.15820552119941544 4.108876055627982
0.16048467426615493 0.08646728713832483 0.14582112103350334 3.821843043783266
0.08357118917704151 9.88182789067621E-4 0.19681441966271918 5.715014671661439
0.1823549199563196 0.05587393819333111 0.02354012258137872 1.6527771422930817
0.15109061717902067 0.17074878850738762 0.10637968705629836 4.1927125283195235
0.0019711546937681013 0.18783337022843488 0.09540166849758458 5.545112715127757
0.10076983250490407 0.21208319318391716 0.18913706459104093 7.585091775015065
0.23416576216210608 0.21497449664982404 0.011541913263610176 3.8874932623027454
0.20352391106395115 0.09376463554227887 0.18380165493702771 4.792456721853349
0.17088433517073642 0.19051290507826524 0.17050318762953076 5.74601978275863
0.20240519093404213 0.020315843726314953 0.09410276169108686 2.5163712466858206
0.016593303897579098 0.0434962792884572 0.05241052890100978 2.3240059973126748
0.14852720290509944 0.062389654161001284 0.17512627886851848 4.698866289569406
0.047830602665493105 0.029846168433807774 0.09136335067954482 2.742299924926298
0.1748555727953275 0.06974508545186886 0.09120408306477201 2.4451257180871533
0.1877368444615642 0.03617181511316078 0.05275506229202301 1.853497983650493
0.2079163479841178 0.12636172187367317 0.052132134864148666 2.212531481442697
0.19382203278025997 0.21093783412143147 0.05064163838623986 4.28206570803406
0.08937791258157121 0.18594800274287657 0.0037222458972919203 4.754074345758367
0.1370859348852706 0.23290685409504044 0.020170404015839888 6.033657864770873
0.23799874527737738 0.024425148206210612 0.23828607651587783 7.285823097775954
0.11781178261631131 0.11857239482415724 0.09112783393345572 3.245182618648102
0.22335118411974236 0.19286372561471776 0.015897455488211948 3.344287033018623
0.1976288139068581 0.06586011206162917 0.23388646847812133 6.857527135542171
0.08787771409880324 0.018612176810833492 0.04705692422625654 2.0251348308141353
0.08587000030988096 0.04911563435821342 0.07628805298935004 2.4598160160610387
0.14364947746194912 0.05512952875064117 0.07666203362678245 2.2871336939733284
0.04776037285755727 0.022316302849176628 0.004497521703659413 1.904366445452495
0.10621082293013673 0.10830361745209113 0.23153180318456842 7.366623046852258
