0.051826585757710736 0.20163816692837697 0.23764957744581944 9.37518122593309
0.06523520391426951 0.23213183592716305 0.023803203810323748 6.746655765587791
0.05823107605528724 0.0916675366452521 0.08257841143103681 3.041473862130201
0.18160738147457148 0.14273760997245477 0.14856232852842727 4.252535444723285
0.05995915182178893 0.16945218276003818 0.07330870306745293 4.523212044287272
0.20279932667046605 0.0023095691815475383 0.18043999990069648 5.037265665882273
0.10622390624363223 0.10861711896504053 0.24987150202921707 8.208696672484788
0.0839305046277786 0.09404407797575712 0.22352916510480125 7.025794694512719
0.04574394890846445 0.019395019350929993 0.09181682137506234 2.7382677573988237
0.055199243023845795 0.19324897693408746 0.1359038136931614 6.132557226071037
0.07517967177110194 0.11570594627212774 0.15529252500652826 4.862149319804685
0.24803653655533117 0.1759776486912431 0.20186245267678207 5.474955466547686
0.09081438413719689 0.0845233794344831 0.04535786398821551 2.392549081716513
0.15155632199761054 0.2347987016907473 0.12550475599653033 6.287813021417848
0.13521161673046256 0.24643566537032804 0.04125556040850545 6.559046855631019
0.007939866125585088 0.09630552641326726 0.09069168240026834 3.389980217752135
0.12308646932833092 0.12639946748794129 0.12547618699824248 3.9688044455755165
0.24417400552740443 0.23881071301217766 0.11824594736787225 4.736311767538338
0.20485861950193213 0.12562400791540163 0.14375674913569347 3.7344010042790305
0.14803371277862123 0.013277024472004545 0.22842269000957047 6.916570881863108
0.04251209744669032 0.0458555303417548 0.1036470435911856 3.0523243712856516
0.0069234618721189245 0.15017722257335114 0.15831557034748261 5.80542225228842
0.23052183125183878 0.14617654909930833 0.2422833283984903 7.067061863026218
0.2388274635265244 0.22876011457930467 0.0716505454537392 4.160347662831292
0.047110942702856706 0.08601572771056268 0.08770247310215476 3.0904160839563946
0.23841797176822183 0.15958562536429843 0.18514151688732222 4.891482430594694
0.08521288566826016 0.21119554094262252 0.0829290666794324 5.764852490097821
0.06767878716786208 0.042475665647546096 0.05761611708236258 2.241177880280156
0.03280834375725292 0.22843442445917764 0.18353376121142653 8.425261834610527
0.1271582010503029 0.018852993605929652 0.22793605068190886 6.9045161712870575
0.23321249536810224 0.127270186098445 0.2000990612870202 5.262771777653218
0.06020383606877433 0.013293551617634014 0.036400304063701705 1.9973703123103412
0.09417123015797063 0.23247757148972192 0.14958718558117384 7.322545849450492
0.060879590514228116 0.15482856484113158 0.033987996063600895 3.8900872987528046
0.08189645819532732 0.048904105251457025 0.018876348299640522 1.952731486300268
0.16544137273987744 0.12477530246108456 0.020223780761857768 2.413435965762046
0.11138603932264105 0.00952889706894891 0.10945313875050097 2.96750815435587
0.004569306123791778 0.03766720290003861 0.09547756301435253 2.943396000416664
0.14633179451998923 0.2053346126482861 0.03149975710523362 4.754327649125143
0.24742681046144757 0.03305627762959576 0.11758147699505372 2.9376293521708696
0.1717619244443146 0.007245176383689378 0.04531915187098359 1.92598482007578
0.13104401709420666 0.12377859004997671 0.18729392854108196 5.616797591314359
0.036278917191799015 0.08948469041544607 0.05746682298452985 2.779787798833614
0.08759960282824952 0.1857560209546659 0.007489794333622263 4.739783138162688
0.1416696967615529 0.004915003326577239 0.13221590548406328 3.4973592007362155
0.1645911798491469 0.11294660490261677 0.16822835285506985 4.6390390385192255
0.08895652565999745 0.10446236231806472 0.11752758968152205 3.700840905641426
0.15642270764287075 0.14088870779006046 0.16386087243494882 4.87899535592555
0.07714121930735451 0.18899301282986442 0.23983067336150146 9.02603070350839
0.04197524529732513 0.232990052043096 0.1799956164640698 8.433092430167811
0.2143339722166433 0.09588356364048789 0.027274577312797588 1.71683503067158
0.10873518141981259 0.13471613219390446 0.01194215653510125 3.0571847847690043
0.08835605154297399 0.08808657329616551 0.12519609512638655 3.6863065085267124
0.006096565882387217 0.043900552289687145 0.002804223177580223 2.094446744089562
0.19281168916838945 0.24834342946645294 0.19616108536446358 7.484359488826137
0.2456892631944493 0.09714414118952167 0.037870652940093286 1.6002644015671854
0.0049314726723138635 0.14906460172253785 0.21578270711653255 7.682195269015891
0.12576464194224615 0.08664522075408088 0.19265080004074095 5.527979779193613
0.017933414155256483 0.24159709684547298 0.052594539626750286 7.364350546815558
0.21664069001691247 0.14260888075286662 0.0786902977635408 2.604662465364284
0.22530913726333843 0.18053816271389067 0.18843201262669712 5.3843393241999795
0.2304086134880137 0.0897613308715009 0.23415678107728824 6.667404444976581
0.15924463405653033 0.09643524437568449 0.005253496325204832 2.0301214093296456
0.007066259838986871 0.07343260919736375 0.09366704900795209 3.162188555054623
0.2245958508961661 0.07673015750364512 0.03516243504855948 1.6084807862833022
0.11109677846938909 0.1394969535901706 0.043595455886087375 3.2056950038372225
0.08256988222842027 0.04185056920046501 0.1449663503364583 3.933508137357782
0.0234750344359628 0.12134937575321442 0.1584101984522942 5.249375163227748
0.09096813037817805 0.16370638114474342 0.22216381813551292 7.758321910832276
0.06897322684408644 0.21656624995394055 0.24977518030386953 10.08267787879781
0.006827280381384027 0.003890545059392042 0.24036681310522104 7.756996531883753
0.09335981550429637 0.02130924454646707 0.23116967848970935 7.118659419411
0.16118949442431002 0.18108301694084747 0.14326672864000886 5.000346345148607
0.2391435069953007 0.05458977713461424 0.015649451802409953 1.4894303991413547
0.1980318662154469 0.20257789395836934 0.23410560619001566 7.675243142743186
0.19750302391757066 0.059765218090015254 0.16572810807953506 4.200595546909797
0.08091645734560857 0.07565540504026902 0.09383118454392356 2.9530102876504936
0.08215259469391084 0.13197985585064556 0.24091725425382238 8.159339497446389
0.10235986176992867 0.09645416955156855 0.1546498376549655 4.473909441539956
0.24340620803432755 0.21743051112676678 0.2375423741147964 7.307192988901159
0.17528368337377676 0.18891081057795545 0.1953448803979167 6.389372163390213
0.016497214298254487 0.020407850702037905 0.0554571467645206 2.2703706159000596
0.05105452136638569 0.03466315601741882 0.12164088904520637 3.3856990670669287
0.17225498272256853 0.1839642090009778 0.10921374519310989 4.299769101924671
0.1297606059162602 0.06809275608256452 0.08505450828181474 2.535178234768586
0.11410093113666037 0.029054741479773216 0.07520602807316729 2.3062347582136447
0.13054953875131686 0.21403958852441754 0.1904087464908216 7.345230856338256
0.1676612675729703 0.10920179559418669 0.18797647075689697 5.243303164962311
0.15046140426504384 0.020377263993516387 0.24867412317184942 7.845135570556917
0.09635423656429434 0.10459825906936043 0.19604879856542676 5.95329536249663
0.10146949442987513 0.14340496306712786 0.1535549794333296 5.081544083208243
0.20244234002309683 0.22239263410061705 0.2216939268218105 7.498225348278431
0.24696706088384074 0.1618011877125322 0.11762304968423301 3.122060391629275
0.051183239488460236 0.022329422185341757 0.24742749514347057 7.99232799681196
0.22013739471341165 0.03919626723508249 0.0945186341337391 2.404482611304671
0.11990115623546813 0.14743971009579007 0.24083753107969436 8.072460411501767
0.059282764759337664 0.08685066967161195 0.22534125450529377 7.156889505915456
0.09165927336793994 0.03391806773496109 0.11570872446597988 3.1358672556825256
0.21587744816757737 0.16566445763949644 0.21972879397300069 6.4258421114699384
0.14846514482920253 0.1183575471516568 0.08209757284937969 2.89368748973588
0.2338058078935833 0.15107263170512883 0.07001346957337734 2.4598659652721806
0.09389817657238875 0.07216167807390708 0.22786567081556094 7.0408356307707045
0.0067472825281686966 0.08917864870934253 0.0323243900885172 2.67001514166663
0.193120590306988 0.10507269103660036 0.22463637364794745 6.47365271892952
0.24111867438730628 0.21771483652694573 0.11350397096940382 4.171317555151581
0.18642183773347826 0.10255353028664299 0.05873617229916411 2.1595160780273304
0.24536652189732736 0.13965805438540507 0.0014863854573903268 1.9734078086285551
0.1838474349962917 0.09528644524968938 0.032543039309466004 1.9177251405608267
0.22104882748541269 0.0702302060144478 0.058462225909736015 1.8034398167028507
0.0647657977039523 0.005695771539230371 0.0900107732738577 2.6731392741509565
0.22522983063417396 0.06282778942026526 0.027179431192083242 1.5471729520361335
0.1902143487976687 0.19340317054577302 0.22678541008183806 7.3647187261039875
0.18775129959323383 0.035498563476202505 0.18740516818202835 5.055013976939043
0.22391565339421976 0.22345997622599867 0.1561848455098624 5.338280991807811
0.046300312990450565 0.15485570705714358 0.20053946085368685 7.073221180017027
0.18243641636712732 0.04249782861127124 0.006878649809389348 1.5962849545447781
0.22957206208463032 0.19782412213002065 0.11911521334082309 3.9827430458144297
0.08714130629662037 0.0553620762387842 0.11197652018129231 3.140007269826011
0.23677519396745175 0.0959765455406775 0.11527067052940695 2.6839384966818876
0.23252807702756423 0.09995486272673307 0.2066011646534024 5.475199511692884
0.19513962726164644 0.16115952791679083 0.08891375744419752 3.262485051570536
0.012971885221386953 0.19987073716475356 0.24716696321232437 9.896495842166354
0.005698711860284034 0.2419457341267572 0.04522991063779164 7.433193628014958
0.10470131590113 0.0017560869328932527 0.19938748148641708 5.781940002754891
0.018509242726693437 0.13658750620569032 0.04027810763838796 3.611823822764613
0.03241554551313752 0.14830742002398023 0.10846250088380568 4.577713395999323
0.2085678752926592 0.04158925348312231 0.16787818327810902 4.305814254980204
0.08186426073577235 0.13442856614618437 0.2175139810403432 7.201349612708041
0.05224865063841669 0.19385850698243573 0.17586545772531367 7.113366131918388
0.1560771865831739 0.1066235782734043 0.11380786021346323 3.2364357868306355
0.19523508409774218 0.02532710624134593 0.1824687432357427 4.920107296772009
0.014967993367188265 0.09738406208732817 0.06486720951183195 3.035744363585594
0.04810602656392168 0.06973805229618418 0.1562908965727455 4.519115946357661
0.19556333912339266 0.24265471347822468 0.06259748057659767 5.400403511541703
0.22625710360558826 0.20334686427345366 0.14571798234537167 4.637704809093888
0.21402935144748764 0.23178991847583186 0.1359458101251329 5.34280344315287
3.4059935753852355E-4 0.22205991370634456 0.10497686247212981 6.84543828957255
0.015487537149967062 0.2334530804420491 0.10543704347446425 7.255154178980656
0.09037323846173578 0.22309012945009732 0.12626983417584453 6.635425711900077
0.17392508790841377 0.06520686509788962 0.20379604233210433 5.66022172010103
0.19692290458386727 0.10671140089080458 0.22704993441787472 6.555419666722637
0.22150052144004562 0.06899020940552239 0.1894996576784008 4.925439185126425
0.18201623485747861 0.013888414004446487 0.11251641444962901 2.940194474360044
0.24450796888468784 0.12401255875843226 0.10681699973567219 2.5867397773782828
0.008626610139034846 0.1852945678240588 0.17960636849527548 7.18762038606434
0.2460687189331698 0.1048974083687601 0.19010161868921943 4.773906754416694
0.10366756820951212 0.14194647769560842 0.24627700852022433 8.374395450914097
0.21323773003833926 0.09810022451394432 0.24879566155851432 7.429733576829895
0.18553529147163356 0.19391227470071917 0.08970106682851392 4.12823365787562
0.11721059771727305 0.19797686247825316 0.1258897736567931 5.5685433254814605
0.09346454805070772 0.21141983275641243 0.14746450196632255 6.607842432981201
0.1193501257639357 0.05450009782175627 0.22814309011147807 6.901846276080423
0.22467737349052438 0.21842061070355367 0.05513535767802666 4.037916216956175
0.1360744022109758 0.15396787091984676 0.03398805374349015 3.30742400069901
0.2437498733925951 0.12706950291634134 0.09218280471250306 2.369798155678315
0.2116047425259609 0.03841696834259903 0.18110205899614945 4.776810470762911
0.2213792589085238 0.128569195971398 0.08152719122257807 2.4210909336147726
0.24710205183512302 0.16749223310703348 0.002592982929468246 2.4575433346328928
0.07122490754429658 0.1309010021708763 0.10870075422871603 4.039652578572528
0.04685736165145607 0.22171040632878714 0.059682493150827465 6.343971808088109
0.02049103935655569 0.17271856050314938 0.20724299338101615 7.7599924829797455
0.05957286980511339 0.18922976299406888 0.02183819087066688 5.00900414303382
0.024026242290167726 0.23930574458780043 0.16243743282236536 8.336386404705904
0.05409525455834968 0.0100649408742908 0.06825528716910742 2.3442997883295678
0.19189131865136894 0.026278811688744297 0.04555370814051296 1.8135591250395962
0.021557129033486 0.21518935072457823 0.2192655329587346 9.175429555686732
0.21539073726195945 0.03852197651998093 0.01247086114737675 1.5583184907661916
0.20815382621387377 0.20100555579515883 0.10309599403025038 4.144671383127646
0.11761697479023422 0.07065637420395776 0.1308481843377084 3.54913018665346
0.15673313715771375 0.1074428896472138 0.19394547613067348 5.521657855307575
0.057607467940608004 0.2447186285165658 0.038146318164555965 7.333216653625581
0.019100680577910534 0.14550984293584754 0.02671901397018392 3.802099907459363
0.04559072227285205 0.15532572731891722 0.042895327435105574 4.008070995694401
0.05113310493023643 0.22487900848615297 0.05318200756461436 6.441989873491275
0.033675727349715745 6.79338924965911E-4 0.10511271274557621 3.0373035963626043
0.09722813334219144 0.156250931375384 0.2135790817743139 7.260193140932147
0.0872337515861534 0.06366053310652425 0.04999208350227144 2.2350861346043063
0.17068159166722768 0.11641022259354758 0.1378173161652396 3.774448424941208
0.08749640588269783 0.06392520407160993 0.11555466690463495 3.26804217589347
0.09973796769391746 0.12547649621177914 0.025640776719940445 2.9197481583106244
0.06325270439627481 0.11336378418078069 0.20836761212020433 6.682304188358643
0.10137697475832569 0.05763189526530513 0.04641926739284585 2.1055691533857295
0.036519743190179976 0.09116362060490402 0.017515125809249882 2.5696913343374166
0.15353201344887693 0.2151869430184874 0.2154279411963171 7.86430789456424
0.08357971666793129 0.024729005399873688 0.23143456847389623 7.150390401499303
0.18213993667222073 0.04518310287907101 0.185089510366992 4.945646889935036
0.013555758380442345 0.1411869785849031 0.23301752844805138 8.239291965681977
0.12904010963153165 0.06162183576549596 0.21046399203885052 6.1124733696105515
0.033821089738954924 0.13454473138239606 0.24838677029799705 8.765188022867394
0.24571444553386573 9.990164583686678E-4 0.1782728908545791 5.097594173420026
0.2269242772268067 0.05276870824291163 0.20419882741954207 5.5518271772323375
0.16272163570705858 0.1950967178214991 0.056500122101064726 4.226114144916393
0.2316347783517489 0.2202220893541029 0.0572381473276469 3.9805486267016144
0.0455555057999725 0.13127149013450912 0.07677870008055646 3.68939748281627
0.04027964467688966 0.005715632913153829 0.050853763285190756 2.1696183458020015
0.09076979945296368 0.06495318169263373 0.2376025255478068 7.469451104782761
0.16220873736382843 0.12768020693139628 0.14268105377891374 4.087554535798667
0.17637424518372544 0.13224881506436542 0.14224208742394023 4.010615083606922
0.015291056928882135 0.09203419156540418 0.181668041176318 5.636530517023665
0.21362759959202024 0.17779329517632586 0.14903081316524155 4.4196946584684005
