0.15245160667964472 0.06766704476143867 0.07411277186615031 2.268442910682333
0.1429347796348381 0.2370076256368365 0.07245877365989428 6.033813631937212
0.13189248911701765 0.11015473090939956 0.10498234824811656 3.2679407329214554
0.06019221715134179 0.15526518530779457 0.17388888338862313 6.139800626560017
0.09863422941492983 0.10852300316504554 0.17383726822586618 5.209567903546304
0.19580861458087265 0.20401950602108787 0.10941907473741436 4.484862792116478
0.1520370431797666 0.04833157808425803 0.1431811122593153 3.672036432890198
0.06203948425780151 0.24544968704935805 0.10676562276520163 7.502621977280656
0.17203490515834827 0.04891247706135554 0.04979486614911233 1.8521053613536944
0.13409110523071732 0.009711570471719028 0.04144712243393733 1.9083122539621113
0.023798592273013397 0.09369819375777766 0.01773947069250062 2.6497341298906494
0.03164281876401104 0.2293688797249481 0.0770068202665877 6.806284642419781
0.041643260972518054 0.0017535217965966021 0.22120578882714964 6.808007775554195
0.22357097975217763 0.22328496634611616 0.17261876285870748 5.716516618705834
0.08325943428182436 0.24100532523480464 0.08958867918544441 6.994769305567571
0.06439090481767529 0.001295263522040735 0.15087081838208116 4.149738067830557
0.07216703964172924 0.1604683352085434 0.1292341920133556 5.047158060467909
0.19451753051633117 0.06280706984470555 0.13658680747668014 3.34887481200374
0.10190584054356022 0.1798065904529018 0.16177486032426872 6.025251217669846
0.2022261622213746 0.11838629170009218 0.18561946139696028 4.95896767418518
0.1794631401661657 0.10075737323465395 0.06818753603829955 2.2886449352711793
0.21611169442129763 0.20703265494800577 0.22808476509271428 7.244525365168977
0.19722396760254438 0.11077960754629285 0.17838776694162065 4.711309741067225
0.15693102925388872 0.06170195817957236 0.019582010673080602 1.753505857981425
0.054078530818388315 0.09536756781306069 0.24586181287423736 8.173553219932913
0.04459572245268381 0.06753619924561524 0.2137103590077934 6.586272166516896
0.023847025531231886 0.23098215507556044 0.13542577479419776 7.526898038137473
0.093481608638324 0.07688403900848217 0.21040374982127488 6.320017994348855
0.04683887567067657 0.03578002360950844 0.034426355688647214 2.060905891025933
0.2094528408381329 0.16055206670652666 0.11410760665192954 3.4713268242923743
0.24195006886270867 0.0841417821162608 0.05564027768666974 1.7147935544748965
0.16846848826163324 0.018683617502862765 0.02905212394276177 1.7462181323400183
0.1483618282902711 0.16338531537526949 0.0057127197791427275 3.467899454970696
0.13635183069999052 0.20742114479376103 0.222371415468885 8.156287082043871
0.018622159751738393 0.04556340892016364 0.2204670710161853 6.84797091262963
0.20535189514882157 0.1091193460106411 0.02970222520572896 1.9050303572989415
0.18699926631108407 0.1635445056304423 0.05693021515202948 3.1049049309580004
0.00720293994192564 0.1367320102853206 0.13839116732273649 5.031725224924227
0.006666224910143487 0.15191347188809887 0.24790427419078614 9.067081790454933
0.06727360008766212 0.1843320465929144 0.24535970057049442 9.236533141513434
0.11702682986299343 0.018951558347663572 0.07467649089997516 2.2971670553713643
0.17647034202190023 0.01012166846335727 0.10592989616179554 2.822189599292128
0.11368525811647748 0.044000430373459826 0.05563582862384642 2.0844281037351626
0.2092904980844235 0.10017193706971728 0.1560030256812625 3.8833467336179064
0.07090143078604821 0.10391802406480966 0.15664468781707322 4.7712280250099255
0.09887263517794298 0.04726531299605036 0.18850314561587772 5.329899380302258
0.17240904616087804 0.215720205788858 0.0038265266181506385 4.941830873425486
0.05522484825645688 0.24121309214656472 0.04013836063880208 7.173097428781272
0.20609652491821126 0.07859321619282966 0.16164943853927638 4.026891348172707
0.22677677787106842 0.13383659747823634 0.06157679714740952 2.2178951146811263
0.10099902575884573 0.054571618934981664 0.07182894448264279 2.3729589117367302
0.24984375465762926 0.0322352237105957 0.15195909834851032 3.8681109066524306
0.038402190373257566 0.2117134999025679 0.039502139419154814 5.968930801851965
0.20595215072339676 0.2091592514906334 0.18224562338938113 5.954433107345263
0.04953939268860108 0.06857054081452021 0.03754476438731513 2.3159391469103956
0.23478559571165064 0.2352463168753983 0.11478847363196742 4.768198481017972
0.16964125715369083 0.07224156687823433 0.0028616912053485155 1.739693776370936
0.18590020029016713 0.24789787553670609 0.0733844924185299 5.794003800498237
0.11608085272789304 0.22100292736087246 0.04737212928194118 5.695159479930776
0.23654359303297584 0.12884023214481383 0.23715751932045767 6.737612278168816
0.08850483389576652 0.08421188958500095 0.1434700493539077 4.112770154722708
0.1657115977557671 0.17245027248508527 0.17728161714843882 5.65996346704143
0.23244914376559397 0.18825565913649528 0.18854804224767133 5.39384737720174
0.13689688199599778 0.16009153736889675 0.14073187648816263 4.773257852440167
0.0486500395781215 0.23524099501559262 0.065152636891333 6.922592996369676
0.01832648474316112 0.20970547976541482 0.1939684791710399 8.221574819615919
0.01656361386177385 0.11695051076703486 0.20425876796504416 6.740381042224281
0.07044693394166421 0.08228570754078426 0.13934988471159498 4.061869804421593
0.15832956791681113 0.017491310322793496 0.005621934551086838 1.6822994196632828
0.1751849239312468 0.18752128552775896 0.021853480806319214 3.817771998383833
0.014231863764096075 0.08478029267339895 0.07514369024628842 2.986507143109304
0.21037235591546816 0.19456583361034388 0.22567065203362668 7.058964219103638
6.373183261342841E-4 0.21039495857460763 0.2484681583498132 10.218639230217317
0.15955323746661526 0.0526517764533142 0.1128465218300603 2.8894091446993313
0.059294646424901454 0.2148076977553831 0.07875704335662354 6.072249632991521
0.06215759695883091 0.08204784352602035 0.056354679034337496 2.579705176061747
0.09295619075525863 0.1371488432724555 0.13575426991311565 4.586271719115254
0.2302985592173767 0.2329201423069253 0.2409292789414547 7.901479352263466
0.21659094980921648 0.005535992416264429 0.13117924368492026 3.493878255465806
0.18588117354694914 0.2171143598885538 0.2283108560988645 7.890944824128606
0.038383634944374856 0.041885117186256565 0.1803531293387333 5.1957535635885534
0.08855738859902296 0.11218368093187583 0.11208109826506857 3.697599319423412
0.18749637960687215 0.16879726778939816 0.21228380895998575 6.515012443568763
0.11066669450551073 0.17444304163589983 0.15734259917531201 5.713881077984794
0.07078741808645939 0.24150098040367532 0.14557290083680122 7.792773902012767
0.1576056556930731 0.08707760499957617 0.16461282210878525 4.39626508473322
0.15275862771370163 0.11442760798975801 0.2281678469558544 6.95752895195843
0.04010487119429529 0.03385843679142453 0.006512130976938979 1.9617137749031879
0.09870869361015738 0.20539957715799315 0.007712556064072229 5.390711998733377
0.12128629583708203 0.17965106240484677 0.07229114569152645 4.3257866603740425
0.05201207228609722 0.18480991939367064 0.020943615871534954 4.896880124885858
0.02484747149162775 0.04631716968475891 0.1147157310990504 3.3364909598952304
0.06158122176936731 0.2078486333927298 0.19497231388286618 7.975485999240597
0.19858684593760115 0.2398232859085906 0.11815354470779091 5.603309425689638
0.003699249337867999 0.07366400777606658 0.14746550686730667 4.410661753419764
0.09815411952065997 0.06924432666754515 0.24632421087047443 7.868615217411947
0.1746751506857432 0.18130616827636453 0.153614875635903 5.083212634482595
0.041383391739553216 0.13608982801157052 0.004618959401563372 3.4903360476948717
0.20316003816130673 0.061949881738663365 0.014631322042864076 1.569291191190829
0.18194045259012678 0.13803476661469055 0.22029155931433775 6.562958903895926
0.20680072701134172 0.12489267596246492 0.12943124434797648 3.3652447669886154
0.16897843811079213 0.002098030390853961 0.05539197843258342 2.0631738543875304
0.20037032682287922 0.01942385106731892 0.22964867630851735 6.90042438511222
0.12483129209339738 0.0808161964562463 0.08187115826725047 2.6039681247102533
0.05712166473473751 0.1402067131073478 0.06941076037301874 3.7511597570476964
0.24685920756498267 0.08058819584502872 0.14673828838739075 3.4179795835675706
0.20221983886825018 0.05324867153202234 0.09909674657983858 2.474682143181379
0.029864920251162025 0.05354157525351705 0.2020026969375287 6.079658827866831
0.07443001647298042 0.12688593241604001 0.2450481153264292 8.333217817497435
0.02808907106625233 0.23476109680095536 0.07997688445984491 7.066318238126581
0.21731475870332226 0.23510747423817566 0.09074060905783346 4.85338993120682
0.0678248197620501 0.022136623706193098 0.028544331303069048 1.9346243248767045
0.04392360822267982 0.12270821690842065 0.07494094536069121 3.5010830388778125
0.15391882725301995 0.030384458960824756 0.22348943443386626 6.614060068273103
0.21407387820146734 0.005507808079282334 0.006869821523490388 1.7739412113065216
0.0026926245620036704 0.04777390455402036 0.16982332942659625 4.936519978728901
0.05290433985826867 0.21760754094411097 0.18023958026256764 7.88928790457504
0.005565663780828317 0.17989068927208465 0.11118988494430687 5.517835223527339
0.24535764423171402 0.13838575269586942 0.10743487903961058 2.7025706473278097
0.17842123989132322 0.24037814782026545 0.0644650011455147 5.605544098319301
0.037879846780516285 0.15774691092299364 0.19210646348700086 6.874742758633486
0.16165662492470978 0.08234479666439329 0.03522743413414042 1.9418106841909775
0.2050278426681964 0.050731546177295306 0.21544460880718436 6.0720546736202206
0.23111963071493458 0.18418821578441621 0.18213323560583886 5.163414963819871
0.21130311298265148 0.1847456510187734 0.24562579955418387 7.722396343286009
0.24556966940356137 0.19047615794320621 0.013713602960847338 2.9698904967460296
0.023681176311150548 0.01075689442855568 0.18596453649818676 5.39617500758716
0.04782083922639918 0.007609265187663028 0.007677584067033755 1.9001233106805997
0.016624085973222208 0.07630106785799329 0.18957475879617552 5.774736562913798
0.043829229615425014 0.23796953010755933 0.0994691508939019 7.250367363511789
0.18233337492816418 0.18411048626935653 0.023620707478035075 3.6208395781311986
0.24227232253544198 0.06768440630247788 0.23623043307172042 6.817580660918268
0.015454191825797825 0.01777437786600669 0.06612576604881468 2.3979406296019565
0.2408245333999756 0.21690037216271207 0.07317922410606043 3.782933611774401
0.17405100378079494 0.2108221181788688 0.14176536331263195 5.511149094825482
0.15964295401204265 0.1972983385760121 0.1490343569495326 5.514853319174283
0.17045920449077884 0.08982859868367438 0.11889508659876363 3.11411486963465
0.19641772894065698 0.15657624250863525 0.133925239031509 3.9464567523980785
0.2244364942641957 0.12601704143161524 0.019400428190262275 1.9388052607635644
0.15568339146452578 0.12069616861948973 0.04920326875893019 2.5364399389826637
0.1020978446772122 0.05491097519258442 0.22178614049248188 6.68340268492574
0.14149530090235232 0.22111073215188845 0.01182938645289322 5.524758638505681
0.1924675255107388 0.17499113294799576 0.07958156767272051 3.4754013581411662
0.12170671624678467 0.2300588064058962 0.1632326860815017 7.21403794723215
0.0665129340053866 0.015265262012128494 0.18479666558914382 5.259227590717062
0.23218991943523493 0.16380822249446914 0.23150299889197382 6.685438862059897
0.1134751226977112 0.17797366346058338 0.2353401799647217 8.335323410321507
0.19477385366181485 0.18272196357901657 0.05787293656455633 3.4725598906782666
0.12575882778772107 0.1472391137689343 0.1363670700976214 4.534048254004345
0.0863613267585448 0.0018771551576897416 0.051132388439654786 2.095515813543515
0.06601555734235245 0.07182835881864516 0.22616249768647406 7.07329449878394
0.052673259402216926 0.2251592051214257 0.13296562122605873 7.120121224254948
0.01011345921166637 0.09091952313324478 0.10494300344871274 3.565717149627381
0.22597369163464132 0.15511666391714873 0.14036592303195972 3.74831732819205
0.19404925510843432 0.09505479459281266 0.0997545598436532 2.620951110703266
0.14567697491473186 0.026069894087056483 0.12901744583778257 3.327817359123535
0.005475056552859847 0.19058426615946172 0.02520838237188086 5.287679489281527
0.016243020351469573 0.227035577946605 0.09068365305196047 6.8609763139797355
0.04518579894040092 0.03875085236835368 0.23019867129888408 7.20065959064331
0.1616353457146845 0.10682135488901015 0.08364685688124024 2.6736024225414363
0.08678327407934405 0.14009992562955714 0.17691582579499504 5.804782359830729
0.22685236695222086 0.09636506015467797 0.12463598033343451 2.946498490258596
0.14478707423037995 0.059683501143263235 0.10467148053881906 2.7878199609809498
0.20774002494846397 0.1930901020375948 0.033587778626486126 3.5281714549951113
0.2110312571520913 0.1882270907897549 0.02639961806130489 3.3543656283701044
0.2421435134892484 0.031115354509949844 0.13523027210349745 3.3914399723523365
0.16444152855452465 0.24228881891950763 0.006645666701903918 6.176451517343394
0.12124028123044045 0.22683024605233604 0.23867095555177406 9.37506314582405
0.1807497355873642 0.15181098098376666 0.08270207652114595 3.165919715713594
0.21599298315133753 0.13620422066039511 0.19382453309804326 5.2348132902158255
0.16173058054841363 0.15428361962033837 0.17393688444407468 5.313585756894011
0.2425398693444946 0.12266795810632078 0.05112741781298466 1.8812187473955286
0.04084607763136541 0.07004076162547648 0.2017773493662969 6.128122693161279
0.10306629705949108 0.0992490181892072 0.16415476827720588 4.782290313596151
0.16630398069603952 0.06561973263952081 0.015084243258479763 1.7238494993619249
0.14743212355238983 0.12747893000958502 0.01766978838753258 2.6065181705273934
0.07837083537079781 0.16035342606185718 0.02345739889699433 3.9330323276165453
0.0013184404611803202 0.15736636825954556 0.051577816633198686 4.25565611527887
0.11506409198415929 0.04274852992894604 0.02736741450080185 1.8517478215275276
0.24074825919516366 0.09625159068807337 0.13310596354121368 3.0735251573893194
0.15616108619378927 0.05613819066906961 0.15677316719013493 4.063719351987122
0.1109696383792422 0.22076280013026686 0.20025382608960068 8.038423638739342
0.04672983659030025 0.039586907621999345 0.17426514957638894 4.953478303386259
0.011399061508001823 0.13137201713347507 0.11272614947518964 4.365699874706314
0.0773745281040071 0.1181648967264311 0.08981952263525761 3.4626851245733117
0.1027344883714654 0.15652670956752074 0.17682295647569451 5.967534531962939
0.053209092125935775 0.13318733220285206 0.1493494990176343 5.079185035997984
0.13868279131175434 0.09618713727213202 0.11637792507267894 3.2985373567281493
0.19868005186688592 0.16561507651056623 0.09063587484804342 3.328994031633428
0.042818823071436835 0.10834639748957331 0.1471480269943454 4.679304750338004
0.002054280547935994 0.19591352792381772 0.17748710610129917 7.415516386231336
0.02181195492271157 0.007111076086934037 0.04000543022040995 2.106722113165522
0.08531010166117431 0.018736828347635737 0.08554505756368888 2.5384674976454518
0.2441224111380259 0.15488099849546655 0.012900402472420525 2.2057986394535165
0.24080882100704687 0.05690941708046124 0.03278324887258352 1.5531957642898462
0.17887952018550768 0.23163517698659625 0.04047755262243313 5.26749239932213
0.13130701913024254 0.03347472800127152 0.1510511919028563 3.9630697733339613
0.002197068789645984 0.09120040379012889 0.02715850556322119 2.688689013804048
0.12027302417552596 0.0838230597826781 0.03595629406759196 2.1780398804658074
0.0779399342074873 0.0223854384347954 0.12676633804677157 3.4268200677491683
