0.2340039911422416 0.19605552786543887 0.22642580533084858 0.012102550860140976 0.08578319587247449 9.224651166630341
0.03269677242548921 0.12818338309196975 0.17255998719178361 0.012876378376895842 0.040942672113319895 7.603079347243026
0.10614609584131357 0.16012058725273726 0.1413875694027796 0.07463646361097262 0.2071217920451745 11.014313747981255
0.09391141907520406 0.03245611427149492 0.032025425205834124 0.2203730470940544 0.08987368174385887 8.43570263026983
0.029834749298999652 0.1357348961554805 0.16791701166925763 0.14425968010244034 0.13870936115567606 9.90303784250975
0.22175391882844042 0.06049151879790224 0.017676514666558008 0.11145769561904789 0.020807853116863534 4.5176225011351425
0.11502637547262065 0.030420127268481284 0.12234323116976517 0.20187058000888045 0.07403880311413283 8.238396516339911
0.23575172816187734 0.15850163985063312 0.08550823633843077 0.12601467309687656 0.22023914217272939 9.901609226375188
0.03900121076343008 0.17424833458974384 0.19854217376384461 0.0393189093733764 0.04724482995635135 9.191377629676936
0.23823270590415319 0.08273209342116106 0.03183067970016143 0.024530004038069486 0.13703951035839046 5.357306730123877
0.19828918108907717 0.21943367386613466 0.17419468934467952 0.1027491300483167 0.07349130078534719 8.49220039306676
0.18553551014534542 0.01645061582939325 0.10508066911182612 0.04328851047166454 0.2436472147537554 10.42713394296596
0.16374200251273177 0.1667401795710117 0.011751518081173695 0.09692359150901411 0.10526645537977769 7.025491710056205
0.09599880275641834 0.13217919264281983 0.05905658336537781 0.24715614709460224 0.05395837939042572 10.64992579208376
0.17931733120413917 0.0016598457154449464 0.0517412833594971 0.17596406125275812 0.22334597397422015 10.313056473753406
0.014815998018350346 0.005303986923799853 0.12018791961835862 0.21456010537897835 0.06555364323254112 8.840109221386973
0.06877984455370459 0.1715344642693606 9.987228279099702E-4 0.21367960132812028 0.22997539182689 13.996089007311745
0.13570853320199197 0.12866977814299146 0.19561232013428234 0.02904393633110286 0.21653779229518821 12.178604730103205
0.015473585060889583 0.16464581547202603 0.22119812355407337 0.1294567704580085 0.24544487665920534 15.3797197123084
0.08041902277421473 0.07193682040375851 0.11543605878326998 0.049513788976093764 0.17127376612996598 8.018238093995143
0.15042490641485026 0.03257998313002938 0.022628555808603568 0.050655228324034796 0.14608866280141958 5.881919300003101
0.06711782426798071 0.024787878008207254 0.20274195990888794 0.18197550584353211 0.07157827565230418 9.385197387341298
0.025298439540825113 0.16308821585684088 0.08597593378417773 0.10556365903335085 0.12540314291350704 8.546731968038877
0.05721962450678367 0.10761661297365208 0.17372986849842648 0.1343181643780517 0.22384381574000986 12.155158671214792
0.13380752525999473 0.17633014752277731 0.12767215654940312 0.18962096161571246 0.06166240128687475 9.359118684236805
0.2099949878743343 0.13535830510599972 0.02928475485811116 0.13031039635900069 0.08029761254498971 5.9919306151660985
0.2378901438973193 0.13831265662695763 0.19647846959642518 0.21309381045339928 0.14649464673931772 10.467758070182638
0.1653149049417194 0.16054755129721188 0.07862699158219075 0.052381036397876835 0.04784494542925974 5.619179942880389
0.010772080271475859 0.02095359790196069 0.15489149955911144 0.018429742209311567 0.003401221648865832 6.047798987752102
0.015371130799547661 0.06656999726873147 0.0972765357971011 0.08555144607805965 0.1082204362717544 6.39100490783602
0.24557789651267214 0.2143333460872071 0.04585396961569957 0.12668578563827637 0.22234029853899417 11.039558547140677
0.20616376375372697 0.04513688699862545 0.1810308696071396 0.1678245355485488 0.012442221000349418 7.958362665784566
0.13570062352791634 0.0180856811358176 0.045432248926264296 0.20278417623510436 0.12310672775244927 8.162394510858352
0.17273871804634922 0.19712922608329866 0.24709628576269402 0.15882378637955422 0.10369094879502369 11.30978859974575
0.23714209240575357 0.2016649781815037 0.025560628856501594 0.0907924126055045 0.06331864815634691 6.2490899935013084
0.2187973313238078 0.18966575598984092 0.11390919070037217 0.14707863061423904 0.24998659312490384 12.410440229163449
0.09658330576801613 0.22745814996313612 0.027774308266515058 0.001295229933154951 0.12602968886286045 9.759433732674108
0.09049854171983454 0.11623540884458156 0.11493162452464836 0.10329131963513438 0.059584212472468645 6.442413848532304
0.00529038310000482 0.19284228774828605 0.031842762518083934 0.10045705313357636 0.24213622436148383 13.481412181787217
0.14654961034323047 0.020345847630742986 0.2251016989772103 0.18857140033597705 0.20243593267879378 12.68201331518478
0.22401423728196146 0.21268364000560247 0.18031188061325643 0.21320780037263456 0.006314189039038881 10.396516078188592
0.026457047048363352 0.1958774533274476 0.22437017978367088 0.2020211220217078 0.09385597338152299 12.683894539649842
0.1588658771523945 0.019198332039305488 0.07676286477851979 0.22367161270689337 0.07482485227751143 8.516044076644427
0.11691608650303015 0.08135438020173655 0.1424706061946821 0.1953869197241864 0.17657207331372174 10.291173783871672
0.04146504604183937 0.19222365285951523 0.05784995154945535 0.21345156739866142 0.004458345353618082 11.333823597082308
0.14249061896892343 0.06796603160576861 0.21576946561180532 0.08560523865409408 0.08344798582565927 8.47265374117639
0.027344001714060734 0.15686084960225588 0.0652962953785316 0.2305461393928137 0.15457612644046148 11.874454310499129
0.03211868188027295 0.1873639159891433 0.18764871429842403 0.2109668535169792 0.16052390325551505 13.11355097466452
0.09617491996566715 0.03313304606798573 0.06757176218251043 0.0777714197146453 0.12676500655643275 5.963734306103399
0.012620198573257024 0.1901472897263217 0.16171615235536108 0.22796049829774223 0.14275511551151945 13.012554217619133
0.07256702394138864 0.17114657950943912 0.15316900919166454 0.1527717295797498 0.11727782880715001 9.822837944196355
0.14573876489820844 0.1973196349484426 0.16445499535818328 0.09344919387349651 0.10845226111061276 9.005308903455248
0.19129450971597797 0.08655111748996638 0.09961177452036646 0.2315998482256104 0.18711732457682378 10.683472942237477
0.12667926843038985 0.1677861428718974 0.07435625632662901 0.02815100797008019 0.10236257279553027 6.855339380012406
0.02037037960707716 0.17256687267962637 0.04860518773554709 0.11292295523143028 0.029385208372698757 7.5854771503752545
0.16137544655381897 0.2357657899724434 0.1156741272918568 0.13006789579327996 0.23741062898112808 13.80893854844467
0.0665326763376638 0.03309869904074483 0.057261353330332054 0.12005439276847474 0.1470876628383946 6.990896323460268
0.20250998117498165 0.053562294456920706 6.60984697390482E-4 0.2408140855108861 0.01607606871111561 9.097830188548022
0.14277246567524257 0.02450338371767824 0.014950397105278707 0.23702301065085626 0.17083958106642547 10.183262664100148
0.1326948402070875 0.12088410891676843 0.21733614325279843 0.0891795616412758 0.10036633573206685 9.173442468923168
0.046478684787295305 0.08334280549875484 0.14203937038610873 0.09297652531465231 0.04137488788509189 6.429463516539405
0.14818682261770463 0.22038973923775482 0.024788793228737754 0.06781938888731956 0.10439455108240472 8.59495611154117
0.15972966232137098 0.19227099408128384 0.17024720389655335 0.19548409768652056 0.18813969181966447 12.271345867115404
0.07045636558549137 0.13658095788188715 0.06288402925558259 0.07393852451463409 0.05215007951365505 5.980955760305237
0.0930087591761165 0.0633045916240704 0.029377562838356353 0.028273903471325162 0.23186374551639652 9.363668720157424
0.0521440545184331 0.09795059735054099 0.05261219361728259 0.21915229365031938 0.18051475275477624 10.74884580518931
0.08810099829231913 0.15575577080347533 0.21426410383877262 0.15703771114086498 0.11537614797046433 10.730540990377303
0.17113569906535564 0.10944632470605803 0.1806819310297801 0.22840918354836387 0.21069743159688525 12.580760752954276
0.06073504382535472 0.10761361261437846 0.17150051258640003 0.17898632867675707 0.13521145358188114 9.978270228214873
0.12327270892435585 0.07802667821192996 0.19219877679426933 0.19168627751054335 7.086180665494823E-4 9.307564702738082
0.04442179711796665 0.22309897022368777 0.19321483670215578 0.1875837579527236 0.10405684875537816 12.506691787460701
0.22360940848000557 0.020206449012484584 0.22719319160926713 0.10398453574420019 0.13435406051482152 9.995246278946443
0.012315853329460863 0.1333505487980569 0.13522278150084602 0.0744662413734454 0.1657903590531014 9.36795388873621
0.055054774062368805 0.22901723141057456 0.11556896774169076 0.15049564048872877 0.1344792737891165 11.627928010263286
0.007353373221049508 0.13099377125267977 0.08745403320558875 0.13101454487622072 0.11588149092145375 8.033473088981749
0.025024663776230666 0.0934033644883647 0.15484718864936647 0.0713724987184125 0.18723718207718995 9.887319197520721
0.20362039935213344 0.22587274066656648 0.12384068424634115 0.03384796296169876 0.1780520098879275 10.029516836124696
0.09761677136555505 0.11554905136610041 0.24139882213700142 0.12865840037058912 0.11127796220190081 10.648526724283228
0.11525582763161554 0.24806967192573562 0.1277965421990852 0.022009033624130814 0.06626565725114705 9.45276459405586
0.044448118551286026 0.21845840252776985 0.018115753603335588 0.06111654750295936 0.19867897352391253 12.313458369172649
0.047227219581494145 0.033981168458284555 0.1440638533153157 0.2105754585813859 0.1799266119767382 10.781420974816943
0.189211745898829 0.2449149607232639 0.1654942981729198 0.03811087815534714 0.019754001801793014 8.380270995219655
0.21422361767820508 0.01156020952668746 0.06178143247891263 0.10154467663142225 0.21037026672392733 8.737273473981956
0.11317109695135366 0.16001298668133607 0.20363444090568067 0.1336349549939193 0.039623239892900425 9.110112859280681
0.006534452533982882 0.24566462050419322 0.16101183305762085 0.08016671198525557 0.021733356697064388 10.469908869148572
0.07407830349484396 0.2082194604160707 0.2358342532995565 0.2060389969011033 0.1625117371736358 14.217490969151296
0.08212863508301924 0.17398272310610446 0.10218818651401068 0.034438804439685916 0.18765957433565988 10.112052268549519
0.09364424752486397 0.06548896608461052 3.308395092068983E-4 0.16809283319221616 0.13850510972209204 7.750499435063423
0.2118713866313683 0.1973460409790671 0.03669344960395696 0.15961341574266785 0.14325079259696252 9.116340816415207
0.1668771014692659 0.200565331527514 0.021762459741414775 0.06852791153699156 0.0541627476816853 6.88283323539237
0.0347331117399608 0.015904770684684433 0.24641136236936967 0.21460819959792277 0.08559104758159955 11.690418523678474
0.034922603603960906 0.023171961632741017 0.06346166031954481 0.06806385804894721 0.24161385162359836 10.101393323728777
0.1244246984578476 0.15905824640856767 0.07009183162269753 0.005847963002126061 0.03508282682058764 5.711873807302241
0.014969839934369317 0.04138260781665021 0.1625047930475461 0.015740167870840843 0.24308878171892137 12.222771550667984
0.2207647485749075 0.14302991225339376 0.0569112075470912 0.08792516402281342 0.14793307686242665 6.767746541850789
0.01122309070718644 0.11479514463924251 0.22221214481312107 0.06089357002570331 0.13822251827386595 10.7552501127214
0.05352883140874079 0.08529041248977773 0.04999553145678706 0.18255532714207634 0.08925475770715327 7.71992971755723
0.058682577314712686 0.07308129888686452 0.19859587702163836 0.19075417317609616 0.13777017578477985 10.579513806632452
0.08398903400219046 0.08080626128542248 0.08988175920968852 0.22455028837645216 0.08841149056178765 9.182632691683303
0.1617294663759151 0.042587053498379324 0.23407597002984715 0.1669438479381645 0.11886349768779858 10.407324697083608
0.00791913612824155 0.12637390098865728 0.1450462732391876 0.15926576871101528 0.228085004240196 12.466933861748116
0.24638479214181924 0.14360195338519674 0.24102010829393142 0.04736834628996367 0.22678648307233518 13.383087841428297
0.21176880322645994 0.10754444343277939 0.20151414032177914 0.18243649789488123 0.12590340618103837 9.594307459891816
0.1541254949563059 0.24204607551070664 6.105765708915023E-4 0.23447796294781234 0.1160374536107861 13.846809700020538
0.2319073831735955 0.20821526759118253 0.1891163856530932 0.014134826504144438 0.10980214539109295 8.60407801245225
0.17571746732219506 0.026143180944111444 0.2169053915836287 0.1706628632210291 0.047660514345685884 9.16872693662517
0.10136869544550009 0.12762732178770456 0.19878156355986176 0.021326010204610307 0.08322713493342548 8.5940384143151
0.1314953164010497 0.1683152775921127 0.17835248661458486 0.07583860186013025 0.04036373300554649 7.820341078260016
0.09311342969318828 0.008936388311867938 0.2240841520766284 0.10210045042566629 0.06411304350253644 8.788188119677692
0.05461797399014351 0.09736279824449473 0.19745333612497254 0.007909523328705398 0.2335940219301928 13.311274222435529
0.0073421513260772675 0.12980202001840774 0.23453404400000216 0.15200128407226549 0.18771924763797707 13.120417573984286
0.17220070260954878 0.16595542277602185 0.04567902656165598 0.20077588798502005 0.02171358576775212 8.803431205257821
0.24937278603305543 0.18954597953338723 0.036342790929580066 0.02320263190707139 0.2109769047740144 9.201418374250293
0.15591648605858946 0.1336793807460028 0.2134481006207549 0.24653179174085074 0.19883253387377683 13.615476221575689
0.23573133048060146 0.15176547234575952 0.22486450958694587 0.03880286001928873 0.07824526084683686 8.43004923545669
0.14512811029382758 0.24915001126401454 0.17121729626364032 0.17330034421762092 0.0942132229305534 11.543566817436355
0.2287390342282032 0.02214383435068018 0.11795892547504025 0.03175932873332271 0.2112010947368679 9.187419325901832
0.07721807856866436 0.19394356063831053 0.24615669397871812 0.11024076213525541 0.01289895463727514 10.990433307073728
0.02351522574608822 0.18128793036072344 0.14019432852497968 0.1144916636857849 0.2100577006097085 12.343981993774328
0.07829402036643893 0.23192530933127084 0.12202831210653953 0.21926562912838682 0.07616190921913799 12.639647458744482
0.20811101935160273 0.10334849054381087 0.24828892082372653 0.21581287424347953 0.038148785500929455 11.001107564750587
0.013536646044387923 0.23570350654656266 0.24671669215634964 0.0742092077454154 0.011249973220530535 12.204092469580548
0.23475894860856342 0.0659646653996531 0.04032520775786866 0.11541009706067284 0.10599548589862828 5.456244662036765
0.027205514485960675 0.2058294329858302 0.15023359218428484 0.13302861560395557 0.2408810631016619 14.621724709282944
0.12293887484452512 0.14264104397624874 0.22706662466409933 0.09779466516813923 0.04583444774209919 9.160666300647428
0.15371120207311928 0.11155661422351862 0.0852031331719906 0.17519457807452057 0.19503618981361118 9.84630975203265
0.018247240893139616 0.028344078286539925 0.18781563997273507 0.15158581509143396 0.22991132411049764 12.498180862356342
0.18059339246344136 0.11568846292912752 0.005003350151787239 0.022989186918778326 0.10229348403368094 5.183509230877457
0.0326989801877364 0.12513217591472728 0.19549352692224395 0.01170115459473739 0.18998228164486716 11.772710396959322
0.22301214471773517 0.16165940321962957 0.011474460008252307 0.21288334663503872 0.23558641512203043 12.323954884295018
0.05502773185251139 0.0406513890070421 0.23346394197338774 0.19092398400763966 0.15591854236309438 11.858937167824353
0.07516870220741173 0.13254398132109915 0.23289016968978937 0.24758006619998604 0.24962748769591625 16.29395466808994
0.15437711666506249 0.21588660210178 0.20769251722028198 0.19923285465489743 0.03523393501497249 11.320836459586248
0.11353439982479116 0.008360403100723085 0.023618174717076806 0.20440271268668178 0.16998851442784096 9.211975177517779
0.07824471681650094 0.10361012205311165 0.07241628953604365 0.008948281356666088 0.17506665651851774 7.889991469714822
0.05789895468312531 0.16667507089545255 0.05336863487253754 0.02535678312410594 0.1590490919443269 8.72084676830119
0.15905999871096832 0.09837838992904618 0.011028958451722581 0.03731837073986666 0.15361561508593768 6.414690045736965
0.22097642913377857 0.11912567539774405 0.23634998145594197 0.21493212698676098 0.15270364747952378 11.676658907365734
0.22191161678557064 0.14695932481571022 0.01946688259943874 0.03567789645523936 0.019384932122592374 4.337135525838107
0.03395868482352121 0.2027192842447436 0.12813117087904013 0.15523057806174223 0.03624591875993377 9.804764689026868
0.20490963119806757 0.022902680267117642 0.11025786648885733 0.16222891686028573 0.1866111643248095 9.142501415665004
0.04121846528116971 0.234444306632751 0.17106597789369024 0.14364592272804255 0.1645276203640398 13.069680199226081
0.1998505030176436 0.07517272984659679 0.19747884983161995 0.16916717469509157 0.24187579143437113 12.876108340053474
0.07097965412224755 0.17333092856587454 0.03219208253414885 0.05559213840043009 0.0030197753765511537 6.50536187939179
0.0032808633753484973 0.18183380811832645 0.12722357880516502 0.24108441728130847 0.20573635550933253 14.430055654618464
0.022740365231825738 0.10823131368816452 0.10140558677258349 0.19582960732949425 0.12440266305625636 9.352412292257664
0.0809195928777526 0.17060669961809533 0.22352819054072556 0.02098648009252707 0.2199949188420852 14.469869873609372
0.09550918841261594 0.06755115921986307 0.2321662883960547 0.17409155442655952 0.08279056727262624 10.200988726967324
0.23354167243761687 0.12749664127244859 0.22491839000828145 0.009960395124971072 0.06437113001981762 8.394067666919376
0.12135882208339727 0.17938786586745864 0.18315368552251324 0.11893627247753819 0.15158477345001348 10.497627719139057
0.011854711214875246 0.13783702417655713 0.1633594313939614 0.21248749155287341 0.24942270065088168 14.644827544098078
0.21568090136529008 0.14511347113988565 0.13221631200460537 0.23317005605660973 0.2145724258503804 12.113491956209998
0.08626679886374297 0.05510759187137049 0.1920991517052991 0.19902577911947017 0.18678017824414564 11.617928544300023
0.21201570765502772 0.03463391331353377 0.07509358307757019 0.07258581076637277 0.03548626121031881 4.364573874796648
0.1445682498158058 0.02729036232692353 0.05604059646614751 0.0020728029023362182 0.014511451974826506 3.895851938967599
0.13501015818029488 0.24826927419492525 0.01110035929284442 0.010081663753872705 0.1824535144015799 12.153617212967
0.12389933655594398 0.13774352794978398 0.18236597892767656 0.09917466827288324 0.1887387755330181 10.793903035585453
0.22841377401965207 0.08449588000448549 0.11801811316969152 0.24005858233637076 0.03814014491181553 9.274249128675287
5.793099748402364E-4 0.1134342884494644 0.08731621275523288 0.19287944143058966 0.11168568321995598 9.096993578883255
0.18594744988401807 0.01839218272375645 0.1945063967152375 0.15409782362176164 0.13789441773931238 9.441664966200294
0.002711082892280975 0.2226114284201028 0.06962475946101504 0.04146109854394106 0.1179793738549322 9.86454848452637
0.12517282862005 0.006412049961846689 0.13251444549091793 0.2216963921234985 0.22967236895146653 12.30033498979852
0.05139121914008524 0.022760626592967126 0.21208107375459215 0.19728765925216324 0.012277595765741472 10.027196187794774
0.20835597423790883 0.08560599356064177 0.08542155662187423 0.16785586358998705 0.06525540723769213 6.49503131158549
0.14994142096218613 0.07801844486109635 0.17018520408649726 0.21030379328416476 0.19178608421247106 11.351909540041532
0.238869027164109 0.2113110052114932 0.022358854168266107 0.128797505140332 0.14041990065636725 8.524654179999816
0.16008776252498919 0.009579980133182314 0.19363382079364136 0.06948094305010333 0.13179764463388818 8.688538288237195
0.0774254562710757 0.0059800188259281906 0.21166316950179861 0.12439211993476049 0.09687139233406919 9.002032898107872
0.23535572812538857 0.01838155976540301 0.19038881297930263 0.24389878969000767 0.19348764609814792 12.631846918122967
0.11382183662886933 0.11272345306749859 0.1293908579513523 0.12007879459894943 0.10439714738713113 7.339139020153352
0.2161869553081398 0.013240987272492982 0.13991803094585056 0.009910045840916093 0.023470029899798933 5.437044023837938
0.14769241850059112 0.1224470010923644 0.2438871041936295 0.2062930459897201 0.0227138297181792 11.144917417541626
0.21713815414710708 0.13036798047905704 0.1876161986867446 0.24056090089201387 0.16933621320185976 11.669318016089084
0.10580765270217973 0.0705053623668796 0.1775818732738508 0.1415768515473113 0.01769006648428717 7.619490021319823
0.0528713731145071 0.24879615173507075 0.17482008818355574 0.04595335300033648 0.13500568382709965 12.168999962379775
0.2248078546608956 0.12252237146644473 0.23939117013984296 0.23860289288891462 0.16121221613405726 12.45615031367959
0.12801995440637343 0.22682182190462943 0.0817907066758077 0.0878107415128086 0.242307739512224 13.715248941831018
0.08200611243802863 0.044580472390194 0.16867182226737962 0.09497136500330713 0.09204690585068281 7.319256096377844
0.06310652574345796 0.08435671557516033 0.13576675588653853 0.05131786392521298 0.05904014839580027 6.0904864108176655
0.15447643711680847 0.10814024068109632 0.1768456681088319 0.04264399733641927 0.21215339175294023 10.979203414324772
0.09884344002803558 0.06650963579841648 0.07407550096882956 0.21193223042490594 0.22972131268868892 11.646235633606087
0.048424454993091504 0.2277527320177953 0.24921760309854102 0.0687376936615513 0.04843628139861639 12.103671584061871
0.07886390763967269 0.09241226253839155 0.13735176414072475 0.23278942214665255 0.019431637998978207 10.10431146620946
0.2285870566879396 0.23047010326801845 0.1647102257368342 0.16373577447911322 0.049735190374793375 8.924473163653712
0.14337281236139765 0.046906757632084434 0.21935369471019014 0.15944618116511475 0.06724855060006585 9.157512770778535
0.05679733533548886 0.23059439056917358 0.10918082020866637 0.12127210995582882 0.06765794751916163 10.006817665483752
0.04568292762223278 0.179236457863741 0.23451956157016654 0.18681793298256358 0.21769435878313875 15.145077275374652
0.10196281082794936 0.12543971658753544 0.03153543804513642 0.07194121732157074 0.13382156559942487 6.877328241683237
0.200087119878549 0.004248386444875685 0.10928635182654414 0.11847883526764638 0.052870487504159736 5.809635378551993
0.021523915243151448 0.015682923224194706 0.14527766270649015 0.15518185894392192 0.1952184477983209 10.22357986289363
0.06313597322455858 0.09615854378695232 0.007945710883783902 0.11011261758090368 0.11623500522180885 6.61544164003486
0.0393790823958691 0.013863311938098338 0.0895998078116389 0.05142464543354741 0.07022959718145974 5.08351443521566
0.09392675249967411 0.18988386711499566 0.15326055472791839 0.06734977804662295 0.13063815770195686 9.498640143905629
0.11358104762950655 0.22304020976734454 0.17822209260747043 0.16729355281429498 0.03562331479682723 10.66725501671153
0.22040346125819993 0.16895085970022775 0.1786771889099539 0.23792437209776512 0.007765124925760564 10.738814284537055
0.07153175345553206 0.15356080391830795 0.2043969941658512 0.18077210552363387 0.08647444474879529 10.576971081716026
0.19351388624391572 0.18459940942207057 0.045370084788951076 0.19986208437828862 0.08570457133165432 9.166978407101825
0.19254069582985228 0.04351982193458795 0.20171424790539738 0.09960731563009842 0.21698941866193475 11.64663217644576
0.0851208100173674 0.2468659207517643 0.08883222719798381 0.08100681471007287 0.06327998982936348 9.754845953129385
0.030483135310307663 0.09965227514108305 0.15136517671293073 0.06370588068704255 0.05780660534013762 6.77772084355513
