0.09722847665333592 0.2130141209835546 0.17671355779268355 0.1217480063940394 0.11901940675384884 10.657240106238419
0.03982188069109466 0.13209340361548208 0.21255911154706114 0.15241028243304516 0.010445627189615891 9.689852865582328
0.20292680636092514 0.17095228609299346 0.06020814182359205 0.03737438766371626 0.21432431641533314 9.560315937544686
0.20977150807371195 0.1933235235144867 0.09794000802077038 0.04701713671576835 0.21959635192304633 10.459248625567042
0.1846952904595362 0.02840608107442169 0.24375013124432712 0.04050693349237097 0.06231420217285927 9.410528794847176
0.2161217583035221 0.20850476703151552 0.12564621389715075 0.0020620337662370647 0.15016669139467653 8.568040605311012
0.03472300410770024 0.24218654819887697 0.013006962604460826 0.21791549539792315 0.208908066335754 16.454414580973737
0.05184076992963299 0.10878220550507986 0.16351437338812821 0.06024583023610497 0.08615364901656006 7.495744267562602
0.06872380441252465 0.004389660439200499 0.11522039823538965 0.031467882070098874 0.2315546389032777 10.255636010353637
0.1835973805584321 0.21859026070844234 0.11467934127183915 0.14257577087387768 0.06907495200717681 8.574453938038262
0.1485462658350146 0.23367969865511623 0.042562370170166564 0.09567057769969059 0.23439043211223953 13.493408232348067
0.05573003370783036 0.14286040401187625 0.1322028081140818 0.17965455010589496 0.11291743233032708 9.53573487475753
0.12654156571771802 0.04374223456563234 0.15222019451494015 0.20631710821531168 0.09989778550942913 9.045062692382636
0.15880924960738246 0.22570672802744474 0.189515968739739 0.04204291062835577 0.19224623168059743 12.45337212695459
0.19316169845660128 0.18774903906061693 0.1629380467571758 0.11714938783971243 0.12491775286340775 8.741668057334945
0.021058581027428885 0.23176837565841613 0.02343518277574569 0.05737311319884897 0.03860627447425627 9.281155927313314
0.1282730348228238 0.14636789666401284 0.12840754063661342 0.2365520858328605 0.09936605375420943 10.694675675920719
0.2456896439891014 0.06816330155032851 0.1737592540000291 0.2221850604775515 0.11487082424912601 9.706187141734278
0.21100082898355993 0.0679927699417581 0.13256597778108817 0.20043877833975668 0.11558126634433918 8.48749014856255
0.05024980555055608 0.17486548025806092 0.11334395722963211 0.2152331568749501 0.12639332827883543 11.377144740760366
0.015039671909767321 0.2178877964891032 0.17002818830095492 0.19335623037641592 0.18393591762825162 14.012896529925339
0.23886312199839568 0.0053208934335613745 0.23184120014632156 0.2318662980688847 0.18424747338154393 13.265358378268317
0.19889986103609436 0.048662467043780466 0.17870500746690596 0.0890417641781279 0.12035303267060748 7.758972827900593
0.16965862076303406 0.2359881368695303 0.14566102266200717 0.13176730010900373 0.1884515550834115 12.009005041182327
0.10879338140103514 0.19766098432681947 0.2284626097288128 0.05723460178194234 0.05553829980099037 10.237803831419486
0.08652371973232606 0.08210343059080855 0.2132437875432682 0.043259768898050444 0.20572751061173652 12.188643147532076
0.24623554672296893 0.06859928636348647 0.03442344376840281 0.08239050132709674 0.09606355367714661 4.761117485322739
0.001799789871394425 0.17886101173015004 0.12440478836947949 0.05011475210122732 0.07631087571878867 8.057273580958242
0.2110442636996348 0.09016688590495 0.01132748751431259 0.025408908773399408 0.16857880898208663 6.470821812184685
0.10876257974247527 0.019057238777058644 0.08272553358447407 0.15253669634220732 0.20077857870894508 9.273390050458502
0.07151117030624865 0.004783180136169074 0.24404596227602912 0.2237903445790149 0.2102021389718421 14.242307643954675
0.12522050838407633 0.12441644520215905 0.242014962368344 0.0041555072504574075 3.772019201212229E-4 9.70844484883816
0.16800502965429548 0.2466197343199171 0.03180737170479009 0.15244082924632624 0.03800989571877064 10.084225723199093
0.18174189836276522 0.08280031456275164 0.08945421277660978 0.11543207397463859 0.1114014868227367 6.168340295750336
0.09021282038107437 0.1811398510255562 0.18055398033562217 0.09417909051239373 0.006151192430336183 8.545920206844212
0.09571872650717841 0.14445844219853937 0.16578208923685556 0.20008778945337516 0.1056840249836156 10.226163038276697
0.0453480159957764 0.014437337095053876 0.23984702927887958 0.1498359653792684 0.23072329681744697 14.13114430345552
0.22042544286366586 0.10972060692094512 0.0947921311629818 0.1418401575405925 0.06901095069349886 6.018795806736354
0.028836105166166526 0.17165848525592037 0.15128975197838815 0.185524928780151 0.05560810252586185 10.105213635866622
0.07257932862136499 0.22803141689680187 0.08242076364333562 0.100868487374763 0.17748025976846113 11.845490564754677
0.0667574342740791 0.1507510764951066 0.0731028973284309 0.09347635082710415 0.220079960449221 10.910362025275749
0.17270287338771434 0.14411256494435032 0.12813850659365153 0.21270424439051056 0.0775802996088866 9.213250121363819
0.05237616932883285 0.2330940850390078 0.09648855811528231 0.16093859590062007 0.20440357726628838 13.975783619725373
0.09628366648796344 0.17409017869268725 0.08544986535565943 0.09145383267962179 0.17960396541542017 9.821786563960417
0.17675795798604768 0.1825208243257338 0.2101318661344196 0.09363771942026808 0.028755985078847746 8.491133444238201
0.12568446327886654 0.010583893876361494 0.0227043609341665 0.21688903211020819 0.2003521734483792 10.397687229012652
0.1452787641166732 0.21156127266999147 0.20864947306829762 0.14963975784835004 0.2046927566955884 13.464077134878176
0.04974337482964253 0.07661648032425117 0.1826701984171342 0.2036078207018049 0.040749648072857525 9.63162195477161
0.23991233254692315 0.19000809469210192 0.07318837524048338 0.17106833534889437 0.02575690604033018 7.419034470152307
0.020694977063011266 0.0695192995749273 0.1483783045610813 0.08546018241532571 0.08673181044368122 6.957760939616556
0.07886798029731315 0.1591722324828261 0.06955411236230918 0.07379441687594682 0.0335756205364898 6.3686530498517016
0.20351793680148733 0.1261887799320954 0.15146936244438045 0.05018829140153874 0.19870752762334803 9.499153540190198
0.23540437097422665 0.04236258529972864 0.21320571853391063 0.15413952461112562 0.12943908033219598 9.620728975999805
0.1270596482074465 0.1536558783493626 0.05693755168705458 0.07584452521016644 0.1811063145090386 8.825786644789643
0.21159598028200413 0.1715296646406343 0.11585407192504482 0.11092978117485602 0.025595672097933175 6.202312188032818
0.24669582366134263 0.20518571514003978 0.17793552275341595 0.11027566947411627 0.14043647949401836 8.858211041397174
0.09826012281838845 0.17389170571246676 0.11505526457559193 0.11642365971310609 0.24967557304174873 13.116234763597834
0.08615238981046397 0.0034046221320453984 0.035766474890641525 0.2287056694776544 0.21827287130791603 11.409185211365337
0.10210293215280153 0.11435629864514452 0.15357161562694516 0.010134886375105207 0.09427102437646923 7.245748212126215
0.08915253014203689 0.2022900857123638 0.1818263507797331 0.06827712846591308 0.036427934329517825 8.990729429627963
0.09600875403401715 0.05720981541630474 0.18700707092976088 0.2112135285224291 0.078915512007866 9.819140904799635
0.0063656764787455855 0.15844526399776768 0.1299658902162108 0.08604368707106466 0.13091076660787365 8.900199634099966
0.2190303520231728 0.19782570663480045 0.24659447075546373 0.10256974389998932 0.03582963917922394 9.414337830301692
0.23774435076072667 0.11575894412294885 0.20331628901373902 0.04221874280588453 0.06122626846694185 7.226112256125587
0.0624460938653186 0.10490303247181476 0.24445827204715603 0.2294678420281343 0.06380944937595068 12.207521065075111
0.016663517358874225 0.22332664851582892 0.13926937862957853 0.020013741749077107 0.023096546957108027 9.097175165099113
0.15579848163507878 0.03025486700396332 0.10429445014257407 0.22693270421524278 0.19665035902069553 10.900205042598738
0.19865498920139935 0.10403685319512282 0.2091346975683532 0.23883100724749193 0.11819198286437399 11.179552355118185
0.18833749281286924 0.06459781334020817 0.16445041255515477 0.06045073201972406 0.05630985541481359 6.157257335196598
0.12119347566532462 0.20532251175558416 0.1755285897629 0.228257406561456 0.1502386134582465 12.953726204231895
0.20313867197128294 0.08872721722028318 0.08876087506241734 0.17847527165965088 0.14455424347745402 8.030695058226325
0.14058282828225532 0.1767130286280415 0.16520952271831743 0.09573804126790819 0.19562706113445688 11.134634334809562
0.14238314842497493 0.06338557837368561 0.07426471036842319 0.21992878619063227 0.005704458074613589 8.536923821824626
0.14006050714463414 0.22362251267734204 0.07868791542957768 0.1031518957991911 0.13999692834057195 9.852936507388247
0.14706411314492235 0.23293546939298201 0.1528137376125221 0.185905411835703 0.16304550374018403 12.425949256509007
0.21873987461735203 0.19855947815784064 0.2202454107384186 0.06407845253481492 0.2232276762494144 13.103305089528329
0.06456772246295248 0.0564329220586004 0.19446413180582522 0.22919748724987718 0.11090165141420946 10.943695381929066
0.22180497674708832 0.060081006986219876 0.08413928044262736 0.02930591477206909 0.24075562798825983 9.734877913420075
0.24516736862553237 0.21006680194501762 0.1559477307991223 0.07408499264187107 0.13686909416505383 8.236408779550192
0.007729059703857982 0.0544361547921382 0.09979232877144706 0.09821584727296315 0.07248760836803719 5.9093848791785035
0.1881274899723031 0.041296202846413665 0.0341438442383209 0.12942947685907222 0.10546093803668252 5.809817311291708
0.12137903662667976 0.01320109455828583 0.11213133970150943 0.2058675906188126 0.19403056039653313 10.454384909231997
0.23965087778427446 0.05289874235733574 0.08665713599962266 0.18180388557764082 0.2168320524403659 10.099399486769777
0.17227484702182078 0.1932103466632128 0.07330007027347929 0.15283961446383335 0.0021464064182454834 7.935781914451634
0.005792036795424865 0.013961332888180411 0.03385668954287038 0.04987038359177384 0.046347672868912726 4.359389962586401
0.15348015707498308 0.0787991220581836 0.16050280437242878 0.07775840694175865 0.14482093043961677 8.002528336471169
0.24132648245972077 0.11043213428483095 0.24620299401566728 0.02310268199355925 0.04172823386959343 8.948257711437616
0.06850273557979503 0.08451142172381337 0.1274059777499799 0.04171163687361562 0.14005957785908577 7.447139698327501
6.939290324257386E-4 0.014944029300788142 0.21969777144721103 0.01525361195522501 0.12119034231306691 9.95884407004048
0.20497736926616575 0.11287481513453776 0.025417996807406307 0.1428086138228241 0.07935358661007585 5.9904501671129236
0.11496274033325987 0.1703584024696736 0.1708076473812687 0.10761796811774227 0.005411171404096693 8.05431249322552
0.1649964802438373 0.13312838589090545 0.007267828637715357 0.13658219981830505 0.01596373072830548 6.176964710407123
0.012388495519785353 0.24391280592485787 0.2203625858098461 0.0774636581842538 0.0779297112681688 12.136624440953998
0.17185541255378 0.0846047693959075 0.20100338680105911 0.029943339826425663 0.11292039428286577 8.429930005860147
0.11281381489639533 0.23544156297277297 0.2364981830203037 0.020238611989316674 0.08757738536101789 12.040385454732526
0.0022075861928722573 0.05215646479911901 0.07413052760985625 0.07937842187777744 0.21551789532746435 9.303741139991594
0.053787287432841974 0.109236261235435 0.10763536523733003 0.13894830232154423 0.16517325758533857 9.023132154209419
0.17560380523770974 0.050082291522214856 0.06781697341022089 0.06705494038008267 0.04157371365205004 4.312432485145002
0.18993134691181623 0.001490958824339056 0.003369097347997646 0.05298827292196051 0.11765255778348732 5.263655828847387
0.12094976346626571 0.09761038008045694 0.22150495415690707 0.19566109869437476 0.16472280619866034 11.76983106997619
0.08548258725238803 0.22460841351372834 0.19971970244391435 6.631717179642338E-4 0.20130443550649646 14.233039776722565
0.16129233814767818 0.0704439292309399 0.12192830076286895 0.07599598116992165 0.17032185530404048 7.839028002117094
0.19194071062515664 0.20300908360273853 0.16389585537276422 0.1324890948651142 0.012315494184953896 8.124545926880902
0.23568179740405834 0.16414562832343696 0.144339092976382 0.13255103956920344 0.12535330210007617 7.734817354596588
0.1399265549197835 0.018470065687396536 0.216090890665679 0.2154278461591819 0.06544523395312213 10.47141806464153
0.23470154311166733 0.2113532288037508 0.021044783693108582 0.09623858276396843 0.03715591035857538 6.476070566805755
0.1833557599497977 0.24381945438776537 0.21310474991459097 0.24461319751650412 0.018649995638659322 13.345653291783236
0.15606547458400807 0.0337656221907533 0.06537607841523929 0.1498432876121348 0.18638455429118025 8.469997745083724
0.01922767279906662 0.033321295039135085 0.24212957146453631 0.008481024636744133 0.02373186827647225 9.678907231566727
0.10881593713914087 0.24445485327691638 0.1315910692016789 0.14816967710856316 0.016741180149026008 10.486708294814477
0.08221111721219457 0.16401275803489918 0.15689100394657435 0.02399326203031113 0.05668219489101231 7.6821119985050705
0.07088083143468266 0.0569412139270537 0.09052079688416323 0.21885807961480677 0.12355113901253587 9.231511318779258
0.0669382262517891 0.16120951279335463 0.10168884531851341 0.09074269483610506 0.12003707526367546 8.133767726728113
0.0507400367334474 0.22536721301015386 0.05093107998084928 0.0017279994036990542 0.15992110269410328 10.919543620878756
0.2348087191966056 0.011395122757879045 0.21857561597625053 0.1499402940633447 0.1371411152862693 10.217694823855016
0.05178941422762706 0.2284304467357862 0.1904760675155144 0.12971959108828535 0.21914861135727579 14.88240780748332
0.23613046767575463 0.23867955755224574 0.19595214240626485 0.1368248525725743 0.12125911214811819 9.85258027311511
0.24866137363495858 0.24704934100923456 0.0020182382664104825 0.21613758366897926 0.005308270169758683 11.36348450373537
0.10270542904370492 0.08528065116062311 0.0929029938885155 0.17200623233623485 0.0326727325787855 7.112092201342338
0.010656608983200422 0.24826042512563262 0.1391613960604507 0.17420887790166906 0.2369704718264118 16.39252408581434
0.09329556818984919 0.1092866766422651 0.14745655330616503 0.02917758229978279 0.2135960846862862 10.664432181505036
0.0548618914790065 0.1119579178900316 0.05366754114011918 0.21185370002837517 0.23717676964444998 12.619505614906004
0.09271098098214234 0.052941060158174125 0.08110513720831578 0.12793094549315726 0.15344286579442032 7.486397352117063
0.10317760633164472 0.23181918273714153 0.08049174718076726 0.1581048399118506 0.23286911707840488 14.532132285145764
0.010148093959985338 0.20440031612386356 0.18898664504525395 0.1819158780223523 0.04783578325027821 11.439700279120494
0.10496832041491883 0.18130276555845423 0.05836384209323314 0.07651122202014535 0.20962202891891354 10.862100096361836
0.23962074651174045 0.10430831081240116 0.1703945365748507 0.06402761811989557 0.17108191339375517 8.619845188192354
0.21339717019731622 0.0018045437264036512 0.2439707841185157 0.004007197967750925 0.24983756252713918 15.871264984939252
0.10328017930460306 0.14346591784981583 0.15818612807992624 0.1028430259535251 0.07861488037472403 7.776853199734447
0.1156343934257574 0.24491435078600046 0.021053914252711137 0.19265145645904608 0.010518573160245681 12.240303063044461
0.20067533357569053 0.10862207302808677 0.04629665629311755 0.07318751244676697 0.09825434550235351 5.155938512358706
0.1783714342223579 0.10888817842370019 0.18624239968221099 0.03302798764797363 0.1977294239622069 10.568383883737269
0.23478338895967196 0.06314403637957894 0.20019001078997534 0.07996978503020347 0.1848377976652065 10.148724338236146
0.22266189927043187 0.16075438932202485 0.06671557601218067 0.10630257569964838 0.1501834343297666 7.3476087958068765
0.09031902582017995 0.16762188831613492 0.14659435778272872 0.22862453473957073 0.014778673437809087 11.221771682018819
0.06969091805241873 0.13737685979105227 0.050246328364551035 0.16144319554459846 0.10176784453592777 8.168009205146843
0.08544257153084309 0.10081048470044379 0.0923473013347614 0.23942409858778266 0.04599427778302065 9.941244913585134
0.03919471375538533 0.23893060368293828 0.011655338724027325 0.08209988223798448 0.12884205189443862 11.326451328048712
0.07372181291483576 0.023604601732302083 0.1813303386086263 0.062231957020015244 0.18517846873656998 10.035199175480479
0.13886693172578438 0.20688934907467776 0.205938204829507 0.21641375527671367 0.17083979326099108 13.361427633054355
0.20590484619250501 0.18177810791240084 0.23718451437834095 0.21505447339449088 0.18197605227078406 12.972058869554786
0.18905939817629808 0.14121949170381393 0.013456770553319286 0.01255619937110053 0.06399565638356466 4.883011228046242
0.09773472237969114 0.22720097948801432 0.05430000215966832 0.014988123788124363 0.18681274845696996 11.509727804131478
0.20667939588170015 0.13111601935864298 0.016661127238074724 0.11321514717766454 0.036230318656440524 5.249441864452164
0.04033819785709844 0.24129038436945383 0.07215275402867247 0.04625066618697232 0.19216688886807437 12.809905656284197
0.1535778167352269 0.1835557664136651 0.1272849674364915 0.016328754260202055 0.24360352116752415 12.468517155794313
0.16846570351251947 0.04907092731675153 0.07776606615855353 0.07322499121647424 0.11231406331035709 5.510993039990494
0.08249215170445118 0.19008988659796813 0.11319559329970785 0.24505740088212616 0.043922080280694026 12.227074405430555
0.20151791900320545 0.0018388203431994044 0.16740619042133342 0.1795387423994292 0.05306653152023261 8.292000149978856
0.11124171587683751 0.11571494035565147 0.08184818877835562 0.17287796606313438 0.16362041904308833 9.185567181677705
0.18549355776891913 0.08187515877611568 0.023737444248055045 0.09876261600240954 0.17495511013948606 7.219467383427677
0.03826276407620266 0.16307123899639842 0.20326624653481362 0.11553258128337918 0.14886860415801806 11.162897325832649
0.0060156234155857025 0.17367071136239248 0.1258774747221604 0.09135304894513754 0.10250791798054484 8.648406576751412
0.04851623466664043 0.2094954997514778 0.20672597871994616 0.14877475970265375 0.05886910273336429 11.08584000210396
0.01387985812756623 0.0738516195759327 0.15207888133424324 0.16291488462543846 0.13077000177559456 8.982714384065327
0.18350672907815577 0.1551346846854013 0.09784865660118869 0.2429940669519057 0.0077455880683880984 10.49867307682463
0.20321415358158332 0.20148075826842118 0.06324549458289272 0.07404601088188417 0.05263844708632279 6.337633021811315
0.026728634410535773 0.06409967058836394 0.1939937523512834 0.2240869205842515 0.14447953421622606 11.447319687569154
0.2165938325541962 0.01310839624501145 0.14795401706542216 0.004186094928875839 0.08677363834837098 6.387546358257195
0.04182200406861675 0.08184603834315349 0.04699605682230179 0.185752346625297 0.04759254505241889 7.522227687547115
0.2022332773988142 0.19321938654686507 0.17903366764725578 0.13466727982191165 0.03325975811140666 8.114014645321651
0.10450063570153831 0.18511689371015594 0.011107029138939961 0.17576119601570922 0.0011910770706872464 9.384398423376036
0.18173297502348054 0.09234038679318049 0.1386535366782695 0.04710492893820303 0.24045286974420185 10.941714857781845
0.2167377302381203 0.20302796726262318 0.14709561361388315 0.17686443072538663 0.10147801235271325 9.11217803397203
0.16652472338380236 0.18770271049695758 0.23403188128280555 0.24632705099010146 0.021856954898461595 12.840551180792799
0.037497024753973596 0.11153175461793174 0.0488542430883441 0.11871694615769846 0.011690808390889623 6.096347186345544
0.01100196896171407 0.17708530961442578 0.14272121860138462 0.24508196314934336 0.1418456820830259 13.050300021781771
0.004621889821848718 0.0685369751035628 0.008465620301107535 0.06749913922181189 0.1488545556744314 6.718808027568626
0.10688145512845648 0.1962734436225307 0.12350286423207532 0.11505390120828679 0.06669695483994895 8.41592719741718
0.007390379580478584 0.1535080696653172 0.2378452092040031 0.24447815639808274 0.23685056186687342 16.466626723924
0.23830527885653613 0.02685527610529609 0.18246470402568976 0.09342862117689674 0.18597972395668344 9.913510319529406
0.16516577366186383 0.15621081377359394 0.057019457513043575 0.05837807103463366 0.027615662313250272 5.316004021875536
0.059905019846960506 0.240139063249499 0.18021381800376518 0.18096592998926958 0.20473698385649503 15.064316657130147
0.019880968762550327 0.1623435160010186 0.14947304256006114 0.18159468030567533 0.11022725529302382 10.32690552796093
0.22001377833761568 0.02751337585764707 0.1144239686992877 0.2497401138022276 0.23020897663138634 12.654093311231133
0.04555880895289141 0.09469405414697823 0.03634930726392316 0.04962215119028207 0.19702470806881076 8.513922842102321
0.09058602819186887 0.1492028927729143 0.10622671764953923 0.011294468445721267 0.16675808018329974 8.796864604131148
0.007363018858454168 0.1829442168103194 0.012570576221203167 0.18183983469057327 0.0765055473689894 10.175389260305602
0.13148326078175876 0.08511040906754982 0.0011694271325479177 0.0477216731449433 0.23806761291584183 9.746947757870721
0.12287557510550332 0.17171104852831576 0.22702175135287317 0.11047621560912754 0.22565694152049756 14.102533405917415
0.2045766646457752 0.19020589006889968 0.01758577211625159 0.06433304247575719 0.09812479711806218 6.6577848479843444
0.07539292307786541 0.08843631318350656 0.12507794717239812 0.01122026595511541 0.05468875374175164 5.788401100605229
0.1677330461203345 0.10605515329092446 0.06191288599666467 0.047227034583239735 0.1786525454928405 7.444230390544206
0.030417509103273427 0.08152921880062336 0.10812962579568958 0.06183926381986257 0.15627862794725203 7.714542679234912
0.047970518933355605 0.15181121452573815 0.2415580950006578 0.007729732433055386 0.10487109673177858 11.550455647718813
0.24349187920448562 0.11611154950026448 0.07094629472211136 0.04519541319193557 0.11978345804409485 5.3290491824147015
0.02983501508743805 0.14596219205723818 0.14883835440376983 0.1277798959349027 0.05825125443827747 8.178377324397072
0.017784911494033023 0.06384202560365895 0.15220876503512062 0.22629534748135816 0.010183171176986139 10.050804818682927
0.00995374925574083 0.08189066154875682 0.23191377039614167 0.11169951117396129 0.2114237923036597 13.236399258056725
0.20000498454771864 0.1137965723135102 0.21622316414063864 0.13317758427324328 0.0674752237517934 8.461938133676545
0.08251901307967094 0.09980455856581838 0.0507961369034686 0.005163714713040751 0.1789491458029729 7.7763647173730135
0.061300805120492075 0.23009965373298116 0.16850534987208698 0.0324205023945979 0.18691228181159453 13.01601946116769
0.026553066133432807 0.19771158993386406 0.013873985816571038 0.20770367565270398 0.038198737506349445 11.444716513448164
0.017740730357866552 0.015940721397754626 0.15479847917756825 0.05837020644778221 0.05485717250359115 6.330151416789924
0.19276769569896354 0.22909418050387612 0.22605234886856163 0.18079196828257327 0.007280611859615677 10.959056723248606
0.24106607679255232 0.2124270279829923 0.09126889399930818 0.11253332887589443 0.14151086852371078 8.14984244751942
0.011879672659482116 0.07297472243614919 0.18681108391250556 0.05592681073792988 0.17454114847773622 10.194962732823752
0.21192924685549794 0.09923451256592453 0.10363553509626369 0.12530039688031253 0.04665029800707324 5.583886089263931
0.20375423565086972 0.12772126998482813 0.06114743560539865 0.2215105913691002 0.14463077966960713 9.482211966544252
0.03339633942551165 0.05469231683024792 0.09924803194504675 0.055762199273458796 0.2304977052431621 10.125789230762614
