0.1667548096406699 0.046717884713290275 0.19955185452826482 0.20047731238330604 0.08503054338976779 9.596327447694906
0.2146646682886512 0.16840135247466412 0.20946982345408854 0.059013518927901853 0.09054365436982983 8.375915093094209
0.01336875465984591 0.1668045496227204 0.19359099897693732 0.16323624377387985 0.07004975020756399 10.312334078467869
0.08267394505092635 0.24502565037435842 0.19988049834297342 0.07131951190601818 0.00957942656931518 10.643605396956351
0.18340122463583328 0.1479775393094799 0.12021559561966008 0.009645812637953582 0.19503181693675065 9.224066449296615
0.040436428976849986 0.2439473099053981 0.07392904617429594 0.24682109423914875 0.24728467537700563 18.10798132076537
0.061784506563670766 0.03043734811839563 0.07210669305457629 0.23539843400891466 0.07540888044262048 9.182573608188608
0.06474441436692599 0.2141363903462207 0.16679591625474588 0.23020345050107016 0.040793730740047246 12.760211369704132
0.07899631205897747 0.18678945806003594 0.19991090902201908 0.09977646282055727 0.054548010924532625 9.499679080057284
0.12560619965613587 0.06510915076686802 0.03181099809493959 0.14572986170321622 0.06096423221052341 5.8772916177802275
0.1880323723093639 0.1585603674035119 0.009439606876389561 0.014530566577880544 0.1324087122160945 6.630729388496271
0.18489463008581739 0.24413887135438436 0.23218917162646693 0.1871904627955233 0.17423839182524192 13.586438490819795
0.05030647359552706 0.026611871975303847 0.17732040891887133 0.22533928623086968 0.17791654003096455 11.679502168538015
0.04075171859427351 0.03300810341923796 0.07785165083229012 0.16622851325915733 0.02256806840679501 6.656202608895148
0.04138227202846914 3.5009112689929345E-4 0.009350026182697369 0.03454438259274056 0.0708406870137783 4.444471350145518
0.1671710057006734 0.048270081766988576 0.20637436689641564 0.08893648568181312 0.05982577069017961 7.7483129303239355
0.09635854339227398 0.17556887897493859 0.23921995204506002 0.23463749196714725 0.05068953889536615 12.918106465997592
0.24867563607440893 0.10109722346890107 0.08072394272557201 0.025970040054471066 0.05530556759782285 4.1538056664431435
0.029472795281407588 0.20148254243739114 0.12134125783607153 0.058224241399191606 0.15770984578627406 10.485811113343278
0.03832884395405556 0.04286930907489267 0.22539359110920193 0.248272837867638 0.06759832904512261 12.078150650828066
0.20615300395754033 0.214038795416634 0.09030926383700275 0.09024187341769344 0.13415030005600007 8.305290359876984
0.06256699059843415 0.07238248770165451 0.049228562968631345 0.19506142964480944 0.1334789780193699 8.57506616455474
0.15158523971807236 0.20141519900193028 0.24390547069936847 0.14929211077615728 0.19734342820757722 13.842397538075277
0.08905000021028944 0.0392884702587295 0.1139318436452326 0.1093624451214357 0.10104878277985721 6.415223805343737
0.15378501508443215 0.21405161523026128 0.19437324473863266 0.23571505351281902 0.23234157992320342 15.44201505811466
0.19830488054833253 0.03560312818335862 0.2246711296603391 0.12815870310717356 0.23772042578605465 13.426942863066943
0.0022260609618291183 0.20242573360348695 0.15962043013085886 0.12702114408696966 0.12344017561806989 10.787611196372572
0.10722402004973794 0.23501323765688842 0.1449788636769954 0.04327495419964025 0.22660931877736215 13.930239982747906
0.13401308251907634 0.20171177200273505 0.17774835075246853 0.0054716409051905335 0.0662178843035788 8.813759919757839
0.0622083903729693 0.015574020218077939 0.1652659664975798 0.24736429419703881 0.19830120922292982 12.570997978005481
0.23726160076867478 0.0905543404989167 0.1432911850792043 0.18581514567874477 0.22515782849669994 11.113893010698161
0.07305870141400572 0.23019885707966037 0.029680459473881926 0.09874414112801683 0.1140073523536457 10.360868213651568
0.1073016023949547 0.11742669026281283 0.13533614033257854 0.07271595436269698 0.07458273205454327 6.558591282749969
0.17066361859412812 0.07622324959878726 0.013064786311797777 0.10403488046338777 0.08490722659769279 5.172655070445646
0.12224165875345275 0.13981710351135868 0.23750484032227273 0.17042309437936318 0.1407914424711038 11.638487246901743
0.23356923778644428 0.08806093115204788 0.030636599301138295 0.23838867327886484 0.236531201526418 11.97092775831565
0.05466227087355374 0.14009873990844707 0.14898601194733718 0.11130727776642485 0.08183310055527848 7.976699216330033
0.11099841032661448 0.0985003517406969 0.041379315712529424 0.057031760855563524 0.16577627351740432 7.201624109446978
0.18025354700002116 0.21509115785983934 0.23845254684239414 0.21352255558041644 0.06436252543810261 12.004033900104709
0.0845907078409702 0.19511023200541106 0.15953025893683498 0.06650743717480467 0.11740707304203421 9.516729035752688
0.11923064341092426 0.16062750164999318 0.21796180365728082 0.1611232005239982 0.038207223139271135 9.937657173901277
0.22372698336941355 0.009286024471199444 0.12095022512268852 0.1596821397657391 0.08140757383058958 7.106614282790951
0.17466576138560347 0.2059180369453735 0.07867199256185822 0.16628252006141148 0.24251931523436077 13.243958066954246
0.031867053812506596 0.11008191405902962 0.2454106393273505 0.10070309026725366 0.12845960501850187 11.303230925992263
0.08343813969803351 0.11707134853517742 0.011411993559106354 0.13302495849786353 0.04921815588272427 6.427002975384529
0.21485143260561312 0.11170145476724111 0.16621017818285475 0.24776854030030723 0.008180709140446968 10.588922383061197
0.20045060157328176 0.0731297565319762 0.13247478530863782 0.2342058825521443 0.041540938003015504 9.273812298707334
0.1289901873338003 0.21858342031964256 0.24320621224038275 0.006042674667806308 0.20001126634352598 15.108346244239305
0.04787584432245179 0.08863170518385527 0.1332808136226094 0.21887420776146724 0.11725434975480689 9.94255506771336
0.193283794871185 0.11179563929850828 0.1788972816604025 0.21622483242223958 0.22516064205584768 12.627806470541222
0.016417530051176632 0.17267297256545522 0.004247013232644842 0.2200534986250451 0.13694329681734133 11.914551766801175
0.04899624878104372 0.08397160518099228 0.24310757644035516 0.14723165652337336 0.0365718255263667 10.080139539347813
0.0404955479477441 0.2382503199201192 0.1909277102713164 0.18420899328478274 0.16993983175824431 14.252443984165625
0.17264192419224106 0.20148163810790015 0.19499577402671686 0.16289124052128845 0.143117410829554 10.920557607092087
0.17964427106061223 0.1862897801739997 0.08954766927580343 0.02296651088351989 0.22120218178481296 10.683632219751617
0.0882716239200671 0.15376844605072984 0.24033702133162868 0.07135784621323094 0.051277025899811646 10.045082271524088
0.09265458857539444 0.14404936751282083 0.12986503696288923 0.11615737743003546 0.04677047434394513 7.2165482421124745
0.12867442203749566 0.14279768444746857 0.012513951852034605 0.21366707074051083 0.008353661960196435 9.385126476223993
0.04266005023965713 0.036809236279643 0.12397833082389628 0.048030200121230354 0.03843903207098581 5.381190159540907
0.026079585309472186 0.19503606605944535 0.08151111839945333 0.11115424475285787 0.2332565978862614 13.168538508490496
0.07168507386126605 0.018096109766672697 0.03847916110213656 0.17695026890875004 0.15777895530089023 8.268544687921292
0.013384207030988332 0.20408677971156222 0.03195524339894398 0.17469859220205614 0.15530997602654373 11.96600555537484
0.24351568429388742 0.09671212746858901 0.05515886586353014 0.1934624917375647 0.03855757957125916 6.907313122077187
0.07048911100134114 0.24155568904484484 0.11830476449045019 0.19643495444088907 0.04614472959618707 12.153247708714805
0.008154177665921442 0.027038356558721888 0.18836745677617056 0.023990937076013907 0.015530162813337245 7.170812126996023
0.19454730634403397 0.024518383534484406 0.1284962718406684 0.18385096144201607 0.10110747064657619 7.932692460003004
0.2087675305716257 0.06235208973547626 0.13881783637148504 0.10336183778200847 0.24727440650305327 11.21131844137691
0.16177064389220425 0.1903912308747535 0.22143930014302807 0.17937576394710408 0.22279187545313467 14.096412818591016
0.04978124894119593 0.15303382286824216 0.208004038723833 0.05084657406924917 0.024609782898045857 8.876522737048386
0.11476299497616552 0.029518423075426098 0.19485668241500365 0.005636822771523581 0.2021892020418249 11.34355002802714
0.14960770547748575 0.0627493197632698 0.17099246475874155 0.15251389009800903 0.07275429434721553 7.725425051821207
0.07741923573743029 0.23546741812238917 0.18814452232376092 0.01764126459187504 0.22089508904489472 14.983795196620303
0.01308862540508629 0.0150860739586125 0.23983942052527538 0.22974827788028754 0.040942941462758536 11.858987434413546
0.047423197593998406 0.13612895073774064 0.09662854820479805 0.03101065126055602 0.02803616129318226 5.931279815963129
0.0618902302335487 0.15121901459344975 0.2246319558365837 0.1661331929433107 0.21414111233131583 13.958040719460433
0.08887377093395432 0.07115332346048506 0.2141837286051642 0.018002831618532222 0.1367346043357518 9.986472397656652
0.03828701231314255 0.06040152116812561 0.20364453097386626 0.0952188740205134 0.0367658276924927 7.973343288924178
0.16805365559273464 0.1740862829305241 0.01742902219102005 0.1559865527548919 0.04956074296733509 7.6830717263321695
0.09163311801474275 0.040254671053545826 0.16050927851535693 0.17160569865383923 0.10216770585747637 8.419093784675391
0.10872161906121464 0.23951622389140304 0.2472829241017611 0.02204683218463674 0.03948770635755197 11.992003957257236
0.08263246822540352 0.03269658628334446 0.1319269556386404 0.05029367549630406 0.22587231323410858 10.308400048863883
0.008356257839116699 0.20548662964943756 0.03964792055424382 0.020898785964091005 0.19022001651415493 11.354915500675983
0.0487187789833563 0.035057235550653626 0.029270286518815358 0.03129969232378463 0.13723322523879933 5.851381200117073
0.0887112559587839 0.13089698174560235 0.1923697698474105 0.16484015333307805 0.23668662619632178 13.54365420658501
0.1625410533916816 0.1295109332443794 0.2065775041394942 0.2014575929053755 0.21786868198257484 13.055791400417547
0.2169713494885837 0.0033007142775977882 0.057782837786982955 0.0952979130859348 0.2461429919377072 10.303647438137359
0.0929704019232081 0.09888423021448678 0.023685470887165966 0.11532740145013923 0.1458540484825935 7.278407903186347
0.13324120276783777 0.22875692415167354 0.10040479272576591 0.15700004563272663 0.16229531020982865 11.602551990325384
0.12510827109958766 0.023522208990932325 0.10954764531810884 0.08589262449368054 0.17959356616699784 8.053450566586488
0.16548096305827112 0.09670399055997364 0.005387403360013782 0.041961895663306215 0.1476306499261032 6.20519314256847
0.17854933111121857 0.09398863875093788 0.12771837230023092 0.24076622526244737 0.2022243212254633 11.751000071185643
0.13015170324443573 0.21635761459510416 0.14177687961267676 0.1805080481303582 0.14260074797300767 11.440903658177632
0.045354581328056476 0.19360968297327927 0.10431350520933771 0.19491295564868366 0.08659643866849276 10.75089607593114
0.060488025699141995 0.009206696053798619 0.14350413379342392 0.18730035200623874 0.008264303699317632 8.169444859213915
0.2246987366785829 0.23532566748393374 0.04188608845589645 0.17928827479086426 0.007764925969420966 9.42327398099465
0.17061629782223992 0.034758564183362095 0.09223691108633122 0.1988126154197571 0.24164764296718186 11.624213006744673
0.10650427487964689 0.039978605454637384 0.13914968102672362 0.12056072697692957 0.19761691160438552 9.584497925387728
0.10273398647125495 0.1038979783155656 0.05811143559759721 0.01454129470746568 0.1395475197745519 6.515477646057775
0.18325127879331446 0.17042606433532922 0.09256110031554729 0.11839865475601433 0.13799469740964848 7.975326095720599
0.1327137726790866 0.14885459890744052 0.24415804464629215 0.012282835024755162 0.2172909842874026 14.613367875287285
0.026904056920445507 0.044034055473484546 0.20781621865707664 0.20824347200647947 0.13036824602856245 11.02263594618146
0.12215637923642589 0.05876092262020405 0.046585131881416386 0.13051379109812172 0.19850853926774384 8.64028422501734
0.19602372442279395 0.10786800618561565 0.15634998979144069 0.0525474132276704 0.15282515930195026 7.95903722362736
0.0388564760155668 0.14072294515548817 0.09853790369939605 0.2409056472593713 0.0810991541110044 11.007309496935246
0.2487988739397144 0.027882501589924197 0.21815462337922162 0.03701527059522583 0.10760259493118507 9.028665790441067
0.013540021053799617 0.17397044969127826 0.23845794908804663 0.13657608167413324 0.13300481176766102 12.278535508591633
0.1282388861292616 0.05862510182936281 0.1494833702134658 0.17925715960729985 0.07346034724561909 7.986950623189781
0.16565929793090814 0.05741188105485817 0.14359745952276626 0.08726146888644504 0.10031116176960111 6.512744936028991
0.20110647575300264 0.12034135661723783 0.20429393229737713 0.12063657551793863 0.07842153476588923 8.090122001139218
0.20097987039534743 0.2123535524879764 0.0938562020510782 0.009287593488889578 0.09459805694650986 7.149519887794568
0.17744542253524356 0.02922647414082169 0.09626285730233389 0.23209761096127624 0.056475681974360314 8.902252600456869
0.13605441038405225 0.1934763793165398 0.2340834407810317 0.224268337016526 0.057834454970188576 12.39150236354458
0.24056836061758385 0.09615098715060713 0.12368541899041244 0.17689349798000525 0.0010944400208519334 6.997783978849768
0.02075068229055857 0.04377150429379373 0.10390113126530068 0.21678473648369362 0.0018077897787261987 8.965015637266928
0.24104860841655001 0.1631353950607335 0.200034516741859 0.04684043789398992 0.24335508078452958 12.755980324613603
0.10748979840272757 0.18705249180480418 0.05144541936179514 0.21395216138471068 0.19686581096920716 12.82996784441119
0.11320376990945935 0.07271099410677057 0.20601452670728287 0.1498155763247211 0.10025856523064633 9.145817759820705
0.08136776850569874 0.004076127379412542 0.08108292378288481 0.11249393858057288 0.20730319668022731 9.036337759123523
0.029520260596433118 0.11703630683905206 0.1948947245461606 0.029442162857931137 0.2317828961110143 13.283822516878665
0.1868956515260053 0.2020611852962895 0.0989356822800655 0.24558082609770412 0.02012569558539687 11.531126285078429
0.21085457877220404 0.12410158431208218 0.1171813111749137 0.1394016711613493 0.13329844968377252 7.4559878374648285
0.08662552882592894 0.08949742802963409 0.1241488355121049 0.158801965337832 0.001157676757389925 7.273049240715204
0.03662351941993758 0.1318155797159943 0.056383127508419645 0.0746298140742804 0.15331755406649722 7.976542729906281
0.10276056256288604 0.058243592825254875 0.1673696258152148 0.18389240695753128 0.23991748851877936 12.64509637507285
0.025782848109624334 0.20540326003379544 0.06799563402278458 0.24624687913744225 0.11793872386234422 13.442167974358917
0.04221439609109562 0.13783734701480863 0.17139237598613347 0.23960223584351167 0.218667324273012 14.118899062245571
0.172568399078031 0.06392979730538936 0.14477869111946629 0.12180356453320948 0.2007161683050696 9.631604065472438
0.1971304657195969 0.2051534079768944 0.19678610011129832 0.1908528463559666 0.18425586527717028 12.234438022268584
0.02976904774932368 0.12139204902402576 0.18400108588265313 0.07405903544543022 0.08563302573795273 8.357752867072067
0.20914425823036575 0.24867462952161748 0.01838877195214439 0.2222472551226474 0.015424106769072521 12.186721031777576
0.13090644541373242 0.08157584346590002 0.04528876086394759 0.18072236375771264 0.12713460013375474 7.830895802042648
0.2156262427561353 0.16596861792880727 0.20656182524115427 0.027396084297210493 0.10615459491644133 8.65276070437282
0.22295790680714866 0.1225649261564499 0.20992144148825123 0.0014616271765568178 0.23319329312573175 12.943676821815226
0.11764152681006793 0.11592811772648495 0.02119272204260786 0.02636104350541582 0.17433643960444412 7.59667656858592
0.14517804332129375 0.051610419147077036 0.005407278385946512 0.06300329677764027 0.2386949438130133 9.497505223100273
0.1716717424661734 0.00203347556538952 0.2216607581587124 0.05492962430059037 0.11782209020084347 9.490857872092672
0.06181005564886469 0.06813902428316584 0.1996163485056093 0.08570059817680964 0.09827734345150288 8.477408274651614
0.16343911367942382 0.18758122273384387 0.18379748213216457 0.2492018159152357 0.11910421981577804 12.351659596891466
0.19684340198091835 0.09751222990547845 0.20101714056728723 0.21684205934215192 0.22149253448295295 12.881088250741232
0.24203211114599346 0.21940301726233646 0.135638929880962 0.19003111850861426 0.12898369089577127 9.74739625082982
0.13494150788250636 0.21017071563060336 0.2401377464528899 0.0949057252300117 0.0828390811438765 10.977727583073007
0.02444310010206363 0.1291375286259275 0.1892501497242354 0.1348140781081399 0.1262825364458873 9.895192897440879
0.21185837630868404 0.145838315854402 0.08942311492629776 0.23155164583671406 0.03400710396007975 9.29024350951063
0.21448309177385644 0.10433622058365372 0.22177702996655022 0.11971670159687892 0.20883303190488098 11.868090335909912
0.06036937445582766 0.025254576001087686 0.2264962748028464 0.18240297401683325 0.042444453290642864 9.97491206160389
0.10963662395576299 0.19945780941398977 0.17722623979491942 0.10707034902003057 0.05350747947333273 9.059460607954618
0.07939886342917846 0.2485967414310076 0.07942540482225235 0.005518074759627567 0.056087918716199364 9.464504492149969
0.20496501561259328 0.23567022533905543 0.032277654576512105 0.20892929061074936 0.21421042431582757 13.813833987217812
0.12773100890342934 0.1503896786108608 0.2420768667144325 0.11623244549579828 0.24846764089000126 15.304686743849349
0.23377124875439273 0.10002130194790676 0.19708719316723877 0.21487694281392777 0.234709645366274 13.017445059152212
0.19269255859801446 0.07174101077804554 0.1657803993805665 0.0059866870777765535 0.21620007333354066 10.616407664678361
0.19092115556996303 0.12830691221537716 0.21184091378140288 0.22647516586027996 0.08251436890599134 10.690306588427644
0.20440507916450143 0.11753969522742128 0.2082854961890567 0.009497210299268671 0.06460572109117593 7.906450238329359
0.2008977107087065 0.13135895628836947 0.02447786068762714 0.16130428378347983 0.03420524215737239 6.470770239241381
0.14868443286809568 0.17558725612920772 0.03794395468058415 0.2417192096911415 0.16944945334625752 12.271607350569948
0.11967803810847699 0.11365438160887761 0.04612173229914199 0.030529808060768354 0.12657315063316593 6.166499351819308
0.11513694403222943 0.22716557829901377 0.1459638545793788 0.16245153023621248 0.15888653033420366 12.02494548815889
0.22710272221913677 0.08342426140146625 0.17136655442357313 0.10720105053730253 0.1504317007640431 8.26184650910541
3.4245333602525574E-4 0.08136357684128984 0.23085376809909022 0.020001489727125316 0.020046296030888228 9.234702210853902
0.19569620326558593 0.15978981427043143 0.1175739341764144 0.1900388835378161 0.24023650813847164 12.382527799604762
0.09075706944107104 0.054573821617759755 0.14037660547450487 0.17533271929720404 0.247393047339349 12.35788966863954
0.13794517921081445 0.19999703423989698 0.19408852449122427 0.15396307148760355 0.11678418226752324 10.616506441276357
0.03280248192313323 0.11932140134514868 0.1386814775386331 0.017733614334002834 0.0733223996964617 6.89784835431951
0.17830304517062806 0.12634638162308 0.0010008024951174976 0.17385809072332686 0.12779322664089895 8.009960612230733
0.2128798540079252 0.24430032789378703 0.1711556874578648 0.17184898187343653 0.23628919253237948 14.072519554580506
0.03902476336333982 0.04085838936602881 0.06142445363479601 0.0695513232182278 0.061511265959820705 4.855751319807104
0.18225658246272425 0.18787220050298578 0.16097111026777058 0.1623985789402057 0.1641845968531273 10.467096797250232
0.13211507125112645 0.18667585846417187 0.24875873217874067 0.21530529779883306 0.007478539956107005 12.539258480729822
0.058081885850459564 0.1669394439669792 0.10847890046074946 0.03695641536422464 0.19440556794966035 10.418526632565055
0.17886776996973894 0.11942992371763184 0.13502866818354922 0.1765899988944312 0.16094258898357686 9.290203871076118
0.18450631509215826 0.07005834126218174 0.14437970376032716 0.04258275831798866 0.24096725586748088 11.020212369943856
0.06576506789861392 0.08269980052768389 0.24099995915042663 0.005941451156958905 0.20930612945452462 14.027132732158881
0.2169821614199603 0.18982950865118148 0.13696495973093648 0.019091497394089496 0.09963009145534577 7.018268298408364
0.0018795307947322148 0.06783804842748017 0.2376175862336132 0.12142432398929573 0.1004481847433695 10.264602843656572
0.07843288075378513 0.10332525423244451 0.12234690390706246 0.049410699849706696 0.08603901877052061 6.335993416056441
0.02077051820876477 0.006035993838201914 0.05959239832394972 0.23885132921136293 0.19024249972504573 11.079038882559683
0.030883313021725117 0.24782085318640476 0.14928489059558328 0.12637099938201515 0.008647323791661138 10.94707913964541
0.17548968871462955 0.02594411763494664 0.09023701108090817 0.23837915258270254 0.24546863710045838 12.700399358688461
0.04827841468159502 0.031032664001234778 0.13944444421443938 0.18975881181537277 0.0772241817063889 8.312370177041156
0.18141261727809818 0.2224733023318077 0.1354190991459262 0.20846315903065402 0.2253374046439613 13.903171028847545
0.0011816884216245271 0.09297911195474445 0.0023196015593315578 0.20842967995036094 0.20118153539651776 11.142977005893774
0.16980605925372305 0.21577391015280079 0.08864771063031196 0.16413320424953698 0.12070723615023568 9.826685198548164
0.017587845081944747 0.029425959161125115 0.17689259492132228 0.009427044651678096 0.23711668049067955 12.415227719788874
0.21834106533388545 0.0756667405528389 0.017636589091211907 0.18102599986810602 0.15183202232913545 7.877048440193084
0.13461538971752557 0.052516094232268606 0.19983615987718178 0.21053658719759755 0.19682245047905483 12.14844836752652
0.02009477907684007 0.2479848582528057 0.21040176155792825 0.2431100990943135 0.19913967189017548 16.98382731946765
0.15692837906997095 0.2018843274354249 0.12077949469839508 0.06957441783138027 0.230694657468951 12.172227078355133
0.10327804911088559 0.2200360189434102 0.22016111927293264 0.07725644374507712 0.04448751167248405 10.43649940903527
0.2405932957533199 0.08249250394010046 0.0571102592676129 0.06441410187201893 0.08474890384987771 4.520089304328552
0.21221889678004152 0.11252715355958942 0.048528006256614936 0.09608623601896149 0.1638738105701999 6.984641156536512
0.03708360642914718 0.01317065717737817 0.08488068386751238 0.18266389610485695 0.2052862249672484 10.17221122315319
0.03966535423589532 0.09227458152097215 0.2151535239838058 0.15637125354574855 0.08440943958762517 9.737792786968456
0.1453343610228102 0.12090119795183987 0.21469010934825566 0.04077967477377151 0.09421450047036581 8.897991815727835
0.19879441753433313 0.03148481881609563 0.05490308617924766 8.268282128592597E-4 0.2250815712619994 8.835229663537369
0.04931201151574871 0.20012876913358674 0.2156499568992765 0.1349139771539808 0.17089211511709798 13.012125762710637
0.19438197080940414 0.23561253663306575 0.015587977683056309 0.1087400796711619 0.1504896990645151 10.169690208285058
0.18134529051520137 0.21761666057817072 5.768275824984403E-4 0.13203815639916625 0.016520689207491807 8.409381803036942
0.12926248006263305 0.14822552274517806 0.046355175132747256 0.20548530227320005 0.0012267454302511693 9.11617295474368
0.174464482914827 0.14180679834350457 0.11793892154796928 0.15081877213487396 0.2431384380693321 11.846196968020692
0.08875510464896735 0.1410256549209726 0.16911691302201323 0.002722631677168297 0.062245364065879744 7.707219636813212
