0.1498761535027034 0.15038574121731693 0.09248920776045427 0.15977351193874223 0.21737642105480387 11.066090346947965
0.2103280509330187 0.14344290869749757 0.1293309005561734 0.21273749272678852 0.15862727922577466 10.029356276381797
0.21327326352682022 0.0013312718764751652 0.24630155255103894 0.1416754603398367 0.01571292449701489 9.840556580705567
0.06299575775065863 0.014943990681995117 0.12338371843378929 0.13989701681090644 0.18530484521515778 9.186552524163693
0.23841709832314173 0.22553682263567199 0.20458573296897356 0.06072194557603508 0.052030052404507976 8.172746884245894
0.2042801836528696 0.055442793093165826 0.18455142496760482 0.1851710355386142 0.19601727336161 11.065576545605863
0.19095464009227278 0.16401463123642196 0.008351339563523158 0.07424720186981648 0.09403054678262535 6.188915511357566
0.16691075128927657 0.07368742017389271 0.06868685789622045 0.05184129820934155 0.026074867021011444 4.205367865721764
0.10503592158325548 0.2093987995500562 0.11603420483194629 0.19675393147521197 0.014357772332918878 10.727450305499024
0.17158563683100292 0.0891047705588418 0.17149204589805014 0.18031155719210154 0.2112135124623189 11.37577863848255
0.07041044344242672 0.09114955418614537 0.17356244132304935 0.09769187752854427 0.15707943794955762 9.294326882821919
0.15127629624478578 0.10084189656176876 0.017463528920355825 0.12089768080400576 0.24021744010426516 10.423922007635593
0.01640481934787255 0.09154851969713015 0.022149564513803982 0.059051143478338536 0.16520435042701911 7.444652302964392
0.17083732982974312 0.025343162878910558 0.013740327446912753 0.1768411469479525 0.19524329746197078 9.115635470684282
0.14976830688239948 0.18672678963551995 0.22314257467367574 0.1267011190786262 0.06991583762968354 9.876174967332398
0.1886037954231327 0.08508878091171254 0.04143781566284707 0.1269289930327628 0.16047427719926902 7.190544808699753
0.04672621806534827 0.1439443685449048 0.17246300832158462 0.1441347482757585 0.044695725529478536 8.736855472410774
0.24364087158872533 0.24059650544359593 0.2103208677306319 0.052050928162653776 0.11535475822019628 9.554236005541732
0.08176839238223585 0.13490878348304233 0.014154217819153103 0.1464213738958555 0.045106529615133784 7.131837224270339
0.039186970521825265 0.03261122771513153 0.006467886014496466 0.1619695112559226 0.013096727646964318 6.287210366338282
0.16044118063505677 0.010756136881385436 0.06404052307752017 0.06968487918614893 0.12797925471698296 5.802118964008593
0.13433696627458575 0.06389221841199849 0.08492069903248803 0.06436841438214844 0.022207862743457985 4.561440484910425
0.08458424231474057 0.15949967933996492 0.06392207712702805 0.08016795304738947 0.14756009909235762 8.306454948912691
0.09828991509231771 0.02012522390051713 0.07212865891769363 0.06487750950067278 0.18867264675979878 7.792803604309953
0.012590394767430207 0.09226528290695368 0.08263666630406569 0.17118671383748685 0.1838964313360989 9.816452348073861
0.07458438635721948 0.23736323342597526 0.23460735574610342 0.2339115089022895 0.1482336007330841 15.235807802944775
0.11605808105417836 0.03287292729459318 0.13893848087573585 0.14419510202711547 0.05364331249566473 6.796345737046675
0.11311896422570861 0.22181928446633392 0.15788081040927637 0.058614222612645345 0.012487051695622031 8.659322103074505
0.006996487442339133 0.022586993925921922 0.1788493466317809 0.1263468301319157 0.14145399103274425 9.075394739445079
0.1007677076572121 0.10473596904813412 0.022102462537237605 0.04844504884962683 0.2036510923941756 8.661142989558943
0.056035895857053875 0.17085088275342242 0.15596479405647093 0.20484952766222256 0.16224644490480136 12.048806407027888
0.0938169906329682 0.0060356269460691 0.02030396417016825 0.12360419190487523 0.1717120172123916 7.543634854091323
0.0540477321906595 0.08515475970189743 0.18133407577574936 0.09294419856477737 0.009633307934286572 7.292293438536335
0.017945924409990432 0.08126400151593993 0.12095681096562338 0.1518519354487367 0.07394644036030609 7.405322117915077
0.03450526065790471 0.04187665316835104 0.1718257418075989 0.002311855785409156 0.16254153472834487 9.30527341571317
0.06112692548404777 0.00538701872996622 0.03631139116136223 0.06177445527792791 0.051691501793624 4.406311622042246
0.06678710275493627 0.21191006743115967 0.18434118436583233 0.16731343798778722 0.03206430676083405 10.877783252830824
0.02762252838476814 0.2078495350158908 0.17106865356281198 0.0972798611625856 0.12774447843294068 10.860188147136824
0.2065689136625135 0.1434764831558128 0.20250484173387842 0.2118197500136173 0.240570139346718 13.693643295268876
0.02459195346121404 0.06717718857488794 0.2455154561822095 0.1973251024431473 0.21137045900066964 14.13804944431249
0.02624690233948479 0.02195452943973694 0.10235697632219343 0.1750035145099554 0.08938879183029319 7.526426878417477
0.19799457007468008 0.16167464830821246 0.032895160063488166 0.11748586812561695 0.10694368548559127 6.787152661408097
0.008929690293334763 0.2064816983014186 0.021573025674566593 0.17776864117003924 0.00450216863310704 10.766894147699585
0.219193112608854 0.18947924542532651 0.17097750493495573 0.22205133658851728 0.0885128998333077 10.25555265251311
0.18451804467729574 0.1730483464271386 0.21046010169335733 0.14231343213391445 0.13874967947378605 10.26347838478412
0.1245276889938283 0.23555705703392443 0.19242756918009357 0.18057486424258795 0.09173671529133956 11.802109007611556
0.23651749498317112 0.07776254678916503 0.19271875219088191 0.028400234681207698 0.1764249460149968 9.65321096669549
0.14517069485565529 0.19202508967746254 0.16145284244084906 0.07511731815476594 0.018762030656842704 7.6743382492350705
0.15690436231143473 0.12477875423617246 0.03514677733390831 0.017377090136253992 0.20176615516915053 8.499673929756234
0.05570607437498157 0.008450135211934967 0.06553396685282042 0.11031453017992199 0.061703423634631605 5.340406271353991
0.15215653499561257 0.1553218617972009 0.14119690427796672 0.008916077470216943 0.1368518821156698 8.152406846763931
0.10543401548005932 0.21017040712796445 0.22993094223024674 0.1995744386665846 0.028816218130486432 12.235073507533581
0.032686258802064355 0.2454739837197001 0.07683365707846324 0.06225263433919026 0.07959136714170859 10.128312338250295
0.19362073745373434 0.21002439017499458 0.02961912049395729 0.00650786536273687 0.1105400236446969 7.424964224107571
0.03675119706195015 0.05550466281453867 0.06437488436891556 0.008792835700596247 0.01678251130734243 4.3768356904127135
0.21743493712195316 0.13462347587980297 0.1027729338632643 0.040622035298832376 0.12302764792329429 6.129792768863001
0.20750412446430833 0.03600260167652006 0.032014801715773006 0.07306746747489429 0.08619791589548093 4.625712342212793
0.07168639047981204 0.13309798168877737 0.22270916951226838 0.10251598126266415 0.1661777505666902 11.565829840465977
0.10236144749271422 0.1308006765343111 0.172228406229515 0.15482786940216758 0.21110083707020516 11.88311716533698
0.04166354172729447 0.09936240295917262 0.19106287068851 0.24362585951847715 0.17457643840293643 12.80964873016991
0.15917108633602384 0.0924752089642088 0.19012914526778169 0.20367814587707056 0.14889781938028804 10.52878123752347
0.1122168144278465 0.11882609693568566 0.24503951872028779 0.043947570037414146 0.12004615488874107 10.930602766235916
0.025743728142114092 0.028249721525079652 0.1346255014860799 0.24500826403616885 0.18636651084965958 11.823203530395002
0.01702026475406873 0.04521428328563684 0.20091625796358625 0.17323993233869148 0.05703095847570833 9.195272709812524
0.10283559204414983 0.03655479097314396 0.007587474087521057 0.16952519356226897 0.12827742393935399 7.341825067373861
0.17484040632820538 0.13101428639643806 0.12600766992207182 0.11476774478689183 0.07905065763006047 6.589047769323627
0.015450966922568116 0.18280579993732501 0.19353642172980987 0.2096732826500806 0.025633427995051306 11.808472770569578
0.07422685403140739 0.006931027173132848 0.11242879373999909 0.1086198082282335 0.05957597383025215 5.838207474822681
0.12083858380442677 0.006584123083081317 0.00911314715045905 0.24239600805457587 0.15821406690676884 10.191026345633553
0.12280213484283006 0.24768842304010774 0.02994825024591699 0.17462786548820858 0.021461017995621 11.49334945659588
0.05141529896679481 0.2271739109659214 0.17491812899840073 0.20562974579773052 0.042822881973635346 12.434483481853578
0.11215927571942527 0.08727046469048888 0.027700122047603665 0.023670437342160344 0.16947332998964118 7.023747373792714
0.21734596009890908 0.17505291112336674 0.13456806436041474 0.2136547385791815 0.20044016655859093 11.593941558131844
0.15807504154364374 0.030133943725671464 0.1675957943757543 0.004079278743422343 0.21334668780159466 10.723975730026272
0.23207973829271042 0.019604145243950072 0.10694615729503257 0.12588177222949384 0.009383526537443482 5.6793273402387525
0.21851889364446703 0.09257766441558563 0.16693201105521208 0.2355394075764629 0.2284156804462485 12.72483872705578
0.04788614619552134 0.13805442006890664 0.18776585231049567 0.15315633120634545 0.09723162162510152 9.64997294483521
0.15789389157645367 0.18200966476569566 0.006321535492047475 0.13250765824804941 0.07544709493167098 7.74731436293974
0.03060011897365117 0.09391107323044845 0.06850275258502969 0.242450804029988 0.0664879505700236 10.081774979789023
0.09560395921291487 0.010660233904850797 0.0779772153179844 0.14914639380170164 0.025341900036282783 6.025053785246584
0.0692837383133657 0.16032078481801174 0.1524164792972589 0.07353238405561094 0.1902213965048847 10.840995722610213
0.23482561963783785 0.18384659536978357 0.1312636719420565 0.047110970475773034 0.031429333343263754 5.695291429166984
0.19840613190262577 0.0715819210808197 0.00437918915118804 0.14238872030792896 0.24684579488926894 10.495480963411804
0.11410162615831781 0.163362695844117 0.16890467387310332 0.09043217502677298 0.07700352974989544 8.14260293597314
0.04615407632818064 0.15517807197039304 0.06930175537766495 0.024820018522100945 0.053075409516901234 6.302852889634946
0.23980544802608778 0.18125959455557977 0.0013161879362763862 0.20004306980526582 0.2173625994090943 11.663272716672651
0.06149052373821187 0.19424539127040832 0.051511364364190626 0.06752632606632325 0.20135582571549257 11.239549454377054
0.012791395980121911 0.2131688238203911 0.22514888813273334 0.056215783722772 0.16910487191776272 13.608237240520253
0.23610999058512094 0.18232677280244236 0.16804877068287166 0.1925002638543745 0.06081657212842706 8.770380151467654
0.18269476643670726 0.06852993945324587 0.11859965963943397 0.19495603882386986 0.038928294226354354 7.653762956156907
0.03218782797908534 0.13599355810164085 0.17374167239712665 0.226751520445689 0.21727458718369003 13.810005063881126
0.2398341768682345 0.24539725749599603 0.13262546960649216 0.11406579669015371 0.18518498554977061 10.63367861735345
0.1571306323981675 0.15773010692195746 0.016448283511082268 0.0029210965231977193 0.13894441590837558 7.089481560571032
0.057856111934508014 0.19285947105229162 0.03750805134997931 0.1935983294593301 0.17738656564305919 12.358412606638925
0.056909422316456126 0.13908257542906674 0.10108649313786855 0.1156758111487235 0.17634670462312163 9.502124323886312
0.04191675530687777 0.13510436654318567 0.09582204269996192 0.1614219442424809 0.08756804031800328 8.262627693769241
0.11715383493871878 0.13908226822586522 0.0901577949701641 0.053800525511544184 0.10117125965453963 6.491034276777819
0.082992706613022 0.15855184186346602 0.17970878432928322 0.18786212285820686 0.017634594470651382 10.022057287988654
0.18831895133256865 0.03338359550500214 0.2132873310241339 0.10242484381970116 0.2334220781830923 12.81387077253779
0.150929752063357 0.09066988146210855 0.2153130306608885 0.04934574647911388 0.1346792258458854 9.566640034687012
0.15787711266691812 0.22733047317335425 0.12583394680842924 0.13403875061694354 0.24558246656967084 14.045067950717389
0.13806431439435307 0.08464423884998759 0.09456903032636213 0.0827220658445223 0.10181880139728111 5.88244421270301
0.008762497023476867 0.09961348514463325 0.09653523618527152 0.019978021772602467 0.19847770532092324 9.245739373561742
0.04407774624280977 0.14421442289288633 0.12239878649020353 0.19273395711588778 0.021806635884572267 9.3075405120854
0.23198877065802334 0.05953921421347247 0.1512566911663011 0.17641375180615138 0.08532698488435572 7.709241141901696
0.22746819621994066 0.11409291887849457 0.11038937705634788 0.030868927575519844 0.0999026811371484 5.463171463288207
0.24041026726837106 0.018845634708086756 0.03668165364552203 0.24498436350886343 0.12766709929265402 9.714990832223464
0.01235359368419639 0.18248457370859764 0.2096341037296315 0.22559627751765648 0.11798513169193589 13.051792481428745
0.04559955581450448 0.06101208731519164 0.18683750378232297 0.19889313156107244 0.24155579627711804 13.565398177765505
0.08286346591874577 0.23750836400621272 0.010546778534585438 0.15051552069514415 0.18434387522577844 13.529570397386484
0.05652179028207066 0.06608439414870071 0.19198537438635316 0.2402959912003774 0.22203762187667098 13.74594419995514
0.16415451764509517 0.13063978635561468 0.09488790372128511 0.01707867899703963 0.09008656388715008 5.7334583175729
0.05550636319539856 0.07502592958744764 0.034046688192546304 0.13526563807671307 0.12324966406395246 6.926806428902186
0.07601897987371323 0.07964114563076985 0.19018182690163044 0.14383860333216456 0.09959854968776224 8.796799249173006
0.10751405522545138 0.003782349174565075 0.11349405599710688 0.043587848772229265 0.04588631932734885 5.071183345664915
0.01547586926682698 0.11548693547320807 0.06326556891362531 0.19130644046437192 0.2064212527597044 11.252852639422603
0.1140935954315625 0.19678412112402274 0.0577498026147065 0.1835789362721504 0.06081394564147288 9.719881700778188
0.17087939359316812 0.20233702795703198 0.20341110634139883 0.16481922798368198 0.12854814483703692 10.844783930862524
0.0950922470511949 0.06208781784311998 0.15152008633278025 0.19737149325589207 0.06036737789824753 8.612390742438043
0.2255890994175027 0.09413201614633768 0.09572715649860283 0.19182605646181955 0.24618905715019346 11.553770222990343
0.2031639226556868 0.10426013743870047 0.1812108209379414 0.16146603721743635 0.0478670844101739 7.811190861600555
0.2116710160677186 0.20350995647135925 0.19820365801593898 0.06185539516168079 0.07713292545569161 8.344150438095657
0.1175951806898472 0.20633071168962058 0.10234436241884268 0.13646279922771562 0.021919278006354626 8.611401429400004
0.07739367569618485 0.03875482806123606 0.21554930953831047 0.14944256081983318 0.20796372556537232 12.309371649987257
0.0917890788368127 0.15247959728318175 0.1945997698416533 0.10085090145346201 0.17851054656301824 11.242010507930882
0.16930850267358366 0.18782412401390605 0.20603118154891542 0.09244473602225536 0.07547886796575382 8.950499623530959
0.21991271894562114 0.08878808696566531 0.2102679382025361 0.077528051640776 0.16934755636398696 9.951745849083709
0.22472845217409387 0.06826139711167264 0.013905551059553628 0.10057923281525619 0.1600528798726998 6.546441599168688
0.09238268592443621 0.2294783715792912 0.18023509418010025 0.19074441071247308 0.2455421217795445 16.132880631994553
0.05161536485404067 0.051231520297313815 0.10618488483907101 0.12447108787847583 0.1786186213083475 8.615727578017404
0.11184994646545435 0.161116385239546 0.09643032826295067 0.24170954762647484 0.06797883695951978 10.999585990971335
0.03483613505653943 0.162930174929565 0.10377912446163837 0.21192885408995868 0.1080462032052131 10.713267160490727
0.12362091977709055 0.11167633536453697 0.13049614571217208 0.1858752451411216 0.03856052407810723 8.15066474428273
0.023935747322477496 0.20827866173949455 0.07024757185144728 0.20117795849959083 0.19253455727794522 13.631860066454859
0.1196430525734345 0.1359956290687511 0.08742454398360988 0.03552152224166899 0.24419468651732257 11.219666796127118
0.042895171136537597 0.038841764365072445 0.1471745676664545 0.09612104406423602 0.17014803734007505 8.786554351976715
0.018573039518180706 0.05372075802289325 0.17735869780765456 0.04074573617379143 0.14970814920470693 8.984972168845324
0.13559193480862455 0.1481766885715622 0.16061773927670048 0.15477286693314016 0.1016910733068174 8.766803544292442
0.10647431649215927 0.08150144437679821 0.013662710038361059 0.11720908867493784 0.07885868101708546 5.68494050328802
0.10706672198601003 0.14486851077975252 0.004158540322010629 0.05239767979439755 0.14898592343468287 7.639241012968515
0.1914528790155446 0.10298033509113699 0.015836547769468662 0.05336108847318505 0.05891037367820884 4.362124123775654
0.15433136572064718 0.03302113700211784 0.008203204622677901 0.20678067057656635 0.1824754921720719 9.501722973453429
0.0892888147688369 0.1595041139818777 0.08968264174083249 0.08557730890559431 0.08366779812802061 7.093552437992204
0.05684990218118413 0.07629883264333853 0.21363744675586271 0.13586840923562343 0.019495170981846943 8.774675597961858
0.1467634180234471 0.14181025152835142 0.0872547883032449 0.2103509972853587 0.17989323251517192 10.768726051262824
0.1254090449835063 0.1992531817513169 0.12843489061538824 0.19175011533339342 0.10303117630643716 10.485020944640835
0.09098297967276603 0.12998942724465853 0.22613436868087025 0.09592448623121735 0.16028930977008926 11.342184066932766
0.21469681758700027 0.22578272812497333 0.18496884404246616 0.09881100702082946 0.16619992364695865 10.581183667381314
0.13028071069995203 0.18146065502972808 0.14223540043096133 0.21548595797308592 0.15299797667345336 11.626106215839794
0.14426555924131737 0.14147143016522193 0.20159729449873742 0.18471674905108224 0.033843595568095686 9.600362450755009
0.1491151449990982 0.23660443409529291 0.05604698237395425 0.03315328899324896 0.23828679905708577 13.44390024262242
0.14080956613627135 0.21420856699660537 0.15650559135591888 0.20768624781098785 0.14974463289577458 12.189542989244718
0.23230939471319698 0.21006539699684632 0.1775434641359809 0.10668620789900865 0.22085970273990918 11.857486676035961
0.21188795964660967 0.09603358077228874 0.04313010107352483 0.15193672375533546 0.02512942316507652 5.702274306545122
0.1046809456189002 0.21495179387277433 0.08615014931476736 0.20538508466291205 0.05429422109051968 11.138953690675509
0.0538245827332936 0.061357696244362964 0.16198612412220717 0.2200546539815236 0.11187545321649098 10.091082648568877
0.2099413107748103 0.18352480481524902 0.18552229162640962 0.17252942486655892 0.018378521412127646 8.809518504168114
0.17988014356757248 0.20052979952480335 0.02202632368168214 0.028829689479110993 0.14658066491557328 8.277272952854878
0.06720140869504776 0.17418967004761157 0.2075107188190261 0.1124675557536225 0.021664285147811574 9.475476292673996
0.11568542130573256 0.1687321696081641 0.1883111578905295 0.15641247602407224 0.14022926469254943 10.614795544914752
0.19665951911363577 0.042285686444495874 0.1697384034561353 0.06798414647610707 0.04908565494243883 6.2937509767854305
0.18802139435344195 0.1341647135190694 0.1007355066864965 0.10880548445041902 0.13233047509164841 7.097957603800985
0.04538913791468624 0.24433987101147023 0.06854391299926749 0.19264246423732184 0.14689772101071166 13.617115805384595
0.13741323337000502 0.24481225328098638 0.15868665779555324 0.17310690221272654 0.009258724011425495 11.016655431208209
0.06455441895050845 0.18902382267763493 0.2156623333860009 0.1006289016296327 0.005993188505858116 9.906144489206422
0.1506561521366491 0.1433525417643641 0.21807609376397669 0.051698012301197166 0.02913398856141014 8.395073212842917
0.14598816227304734 0.15636501451752455 0.02756977223492038 0.05732989923016549 0.026552314165674995 5.474337058094626
0.013705017479139492 0.05617420631775255 0.08336485626646281 0.08394557881910603 0.19140507780995922 8.491393276984649
0.2466544944785485 0.17204854595064656 0.06072881968067295 0.11296281781296869 0.17631489799337233 8.124862825379275
0.009635030079247459 0.17640995263755957 0.16756950926472167 0.19089112185843204 0.1086971574882222 11.150206832814147
0.22702555573644523 0.07954632745113713 0.061509387457055004 0.08848733094085698 0.10603601881021363 5.221196829018378
0.07832271937751967 0.08638512905033158 0.18627943445206027 0.1398829640541914 0.14322595454555853 9.563186999812666
0.06442340432246338 0.13687596510342442 0.08395007439923932 0.22357176590820974 0.196057076602319 12.071178756184652
0.14071658556750077 0.2411238176224834 0.18732895076228698 0.13389506292158285 0.07583849875850893 10.603731291124543
0.19566793037183863 0.08097681401556578 0.11205181283563376 0.14531629106675728 0.09970566526522628 6.685811864688693
0.08908217384973324 0.07839049793609895 0.039748089104173684 0.058246393035128324 0.11459375770522717 5.655101856558969
0.03833623690557825 0.18385701399046023 0.18139825365379902 0.15988464129285063 0.1424019812995129 11.449234762642263
0.22734123325898178 0.05917603138360869 0.1741693294244627 0.16211850259222943 0.13273297715328308 8.65440915891895
0.015143646378499354 0.2450802470560716 0.1506713706031121 0.007216278736006915 0.010023118078067855 10.096907790980177
0.20090895478819365 0.025221420387487287 0.22110510955705423 0.2453569468902566 0.10530086906277789 11.711925818683232
0.03762172899436281 0.10299814501224389 0.11032855447499682 0.01803770348429945 0.11904291695914018 6.925687646054508
0.10050328931782188 0.12192531698805911 0.013950248727310821 0.14187978984955268 0.2458644570656781 11.64240668191475
0.17977149792465713 0.04697469206284266 0.23923633377285428 0.06782524090698386 0.042163244229188546 8.82084922726901
0.0678989353798844 0.20827229061111996 0.2446284267940451 0.17910564890584382 0.10244111270594661 12.855562043913656
0.1987433997383808 0.04817725917340229 0.07148172944861167 0.020960555828473837 0.10217878387891696 4.914710892378287
0.2360738713146985 0.10287587337464635 0.2323223833813494 0.060312639171791305 0.006502261370291695 8.004675709747273
0.1820293421766857 0.012219856497589249 0.05362387750268416 0.19073754573478055 0.13942306015325115 8.115999428024045
0.13060457671256098 0.11213610768203461 0.01944031543941302 0.011062839355915621 0.12378263123904007 5.932954090974757
0.060991651463368074 0.06183422223195184 0.05618500980802296 0.21420553169903464 0.12273721913627023 8.926851137745844
0.051367043330879575 0.0033052411292094352 0.015018080974793263 0.14674507849333449 0.027519758227454366 5.764484413613458
0.08080113004568323 0.017020908064762946 0.2237424687679503 0.041055228287686624 0.11404911311707946 9.608114434478988
0.19286366797561166 0.22003327259156152 0.08918752029918456 0.11102878809353278 0.11700554452787082 8.547025743359985
0.08166987332410464 0.21790483302081984 0.06226295454417133 0.04026301652351086 0.11356933836715477 9.124949015982036
0.10099340847919555 0.14897912675750424 0.12461039753342265 0.08236699105780015 0.12918688995186084 8.060663624695863
0.18545839879172968 0.037306995404882 0.17466171801042946 0.118304856896531 0.1676801443325719 9.184651337522066
0.07339536772530597 0.06423122511558513 0.1722464313333959 0.010576101521995951 0.1721483719321908 9.56722995609023
0.10278172128058005 0.015269075898906304 0.1804748692736923 0.11613838196902179 0.19884536439550152 10.612528473247387
0.23810988503388889 0.21764815147366212 0.10126034989238938 0.03855020422705313 0.13419590230091388 7.646886294292366
0.09626239441154513 0.24226094693163133 0.1801610225846379 0.13544218016577547 0.23549473937598983 15.490655212027836
0.18110929730091954 0.22152602801693397 0.04195049867788164 0.006089677989698117 0.04489059604739834 6.952182461764584
