0.07670223818979366 0.2497439482914953 0.18906278301943005 0.23992372458621997 13.793747284702462
0.04212819295597703 0.21509387089029136 0.05123771652590872 0.16353408828197738 9.575885275250407
0.18243524496225574 0.07758498025550148 0.020931626264634934 0.12004388341189373 4.12689731849369
0.22329405744717548 0.22802858340454957 0.06375450539409683 0.2235078089067154 10.079517996693415
0.1147225740204155 0.13365915237992082 0.1094593086692861 0.149561478463226 6.511084710674803
0.08346446290607704 0.16108743279735005 0.08128212806452037 0.06139005625973773 5.369480473704138
0.1987488416920569 0.0602654288652206 0.022087245904318376 0.020641457274057834 2.599210265557233
0.06536092833150325 0.2322432177640645 0.025607107108674226 0.2264008927915238 12.78587338229124
0.05018982664413696 0.21331183019402297 0.08658499906082859 0.12968923213006778 8.460582429754476
0.029718244071551825 0.2195034423822484 0.05320804062748 0.15185583005786096 9.44988224695291
0.016280405317676633 0.10835964554996325 0.09886094820525201 0.14270717308980335 6.269333340768052
0.18033829464151546 0.22938037197810315 0.02793593815300338 0.09824600877834971 7.09679576827842
0.23451246432602293 0.10063065039419578 0.04220173822653131 0.01849105969945211 2.6512697270378527
0.13265281051366967 0.16660924569304197 0.07006480704410939 0.12300602370645408 6.105752654695356
0.06384567730250204 0.06167264741845033 0.15094841077115986 0.2054868191663108 8.3126080497391
0.036927832522481496 0.07405997933608352 0.17097025090069543 0.19903965076120247 8.622683114533306
0.20581387815261207 0.12787865002486432 0.21411698425640197 0.04062784988491272 6.654078740079292
0.22974272561417833 0.07428767441267056 0.17519397656291744 0.1665738502859647 6.90212898146776
0.14540991260883956 0.15855500978768705 0.07697128958679803 0.1909732673939971 7.8714664292166585
0.1998765348974544 0.20666717564602588 0.244151928379211 0.015411309472346008 8.87350720850539
0.10413170190589408 0.1037338275361778 0.11105591483386945 0.04146734371860358 4.349749033152014
0.21723447788341543 0.016557136305318715 0.22824397424919918 0.05715185869907624 7.468912795652833
0.010072387435928198 0.04442490667295598 0.23569701621271266 0.24464047158754026 11.711765199892383
0.035947472042312856 0.06543874238714148 0.18662283418561232 0.10945309746709492 6.757560978151366
0.0524373777458598 0.23050262003209251 0.1364788691044932 0.21057198967308802 11.801797017224253
0.1452773779438139 0.09347451212373206 0.10638015168692441 0.12690048831225986 5.163992217735713
0.20037107174146127 0.003922954479135876 0.138703895969433 0.12793517612880356 5.609577412929671
0.10446088132274578 0.1284324503869566 0.18540749365973389 0.025557256239525178 6.467208641903932
0.12847607759768725 0.05746611014529776 0.006344084014849788 0.1694446292256389 5.673758053090843
0.06012478933196305 0.14742085338955302 0.10569008791298104 0.010764443329628282 5.182956743144842
0.05390776270719544 0.04169986820657265 0.24949150897374484 0.09752653421468996 8.78979679931207
0.10740553207647074 0.21037914197284374 0.036291093276255904 0.03026137969368098 6.39294923144428
0.052426922501564666 0.09535913949027378 0.08581580521533783 0.04853193649659962 4.167784371463039
0.2184056912565807 0.0467699052610632 0.16778426910628833 0.03719688131115595 4.9626202937048065
0.23329340533980997 0.18683694321001823 0.014036449417301589 0.08631346993450847 4.759634628629593
0.0241204382838468 0.13941766149402404 0.14239277404129355 0.060101545822727725 6.026387829462022
0.215383486886634 0.21698215546848248 0.01991761047677343 0.17848575166019118 8.344825270231812
0.04846653047155702 0.16193943027394572 0.056592018509265124 0.1393913878955885 6.991646885923856
0.15941380323533766 0.1458993271203797 0.24779336024673548 0.06118987172117474 8.584124318125298
0.05554688736191421 0.18871260627436318 0.02543425428375959 0.002473187095343332 5.956394270228988
0.17365467158808684 0.2189459013217554 0.033131159824968226 0.020682157253509165 5.852169624005122
0.23378338647845803 0.15882535344416374 0.11035280510416784 0.16202181037120206 6.141278330917922
0.22301561333639375 0.179622117319536 0.004141283734364509 0.18256762648947128 7.367057424080626
0.003050753416893315 0.1379548588804133 0.22470374645124297 0.1844998355224429 10.266933019821863
0.23388584688721975 0.16954893267007193 0.022940165639678406 0.2119984072797737 8.025613074688664
0.04344444074526216 0.23461873804618105 0.19380278389533193 0.18848984764892956 11.770489874019034
0.14961264889658987 0.07822927465499735 0.049275314900980055 0.14065741436762622 4.885542643890696
0.206815130345401 0.08974495099611937 0.20871521075124153 0.19490961388172207 8.621573958538645
0.004000308415287562 0.16778792514347035 0.07231973359218208 0.09884764763854281 6.43142041479207
0.034702818859200846 0.17100550824749333 0.22555672612215408 0.013680521435078696 9.094300034223336
0.1427125223171006 0.11038534780647102 0.06854358573039146 0.043507359017112945 3.6725446092161844
0.1688032866470291 0.16585924959096457 0.17456291024749093 0.16391959417195356 7.898228384693814
0.034961077586121936 0.13850080477305912 0.006170971976001388 0.13547146699843726 6.39686666516007
0.002599647288865664 0.07974908437488787 0.1556852183308809 0.1372253777293845 6.69684240014657
0.1803635552122216 0.0707799989911084 0.2292295559613416 0.23179947579867113 10.516262886682908
0.23529194753622076 0.20839893371658713 0.10997125809816438 0.1261279581044565 6.08873700105552
0.17835297391435473 0.03864267692674134 0.1167009532498014 0.02149024272211919 3.7176745962304043
0.05165749798158009 0.21565573150940104 0.018487180596622493 0.1522735620720734 9.401113055010772
0.09002205069882224 0.05134535149652958 0.22477959741827644 0.14540392337248462 8.350900898018168
0.21397484661144514 0.11082178614625551 0.243040010952652 0.0914139167909006 7.834010605017294
0.03478503931298721 0.09969459663049113 0.1827479663251757 0.20371132095907218 9.267008623980253
0.16464412207584392 0.23192279091068216 0.18545770948352713 0.1547707145232289 9.32889215068889
0.02673983291478982 0.0611061422778193 0.1754759296229691 0.11669108667219319 6.560704857057914
0.05063663090070156 0.15385683524745963 0.004684761940791871 0.19884555167757234 8.885985432207606
0.11811323427656387 0.23120511880789166 0.15805208008841531 0.11719496943889365 8.741982426742672
0.14340648204207546 0.0028696880999900254 0.1934512103528586 0.048245604280717835 6.163586694399935
0.22967214131078767 0.11966272245933254 0.010554819142675725 0.21560145958777124 7.4401546373752545
0.19039705409077373 0.22130173719155483 0.128772738842487 0.07859534762075074 6.4665778637094675
0.1104834897689827 0.21046468617993466 0.15347103119477717 0.040578194234710846 7.2827604405047595
0.04677512881778054 0.13905177161853163 0.023039873035685554 0.11910465853622429 5.884839645774456
0.18190579589629513 0.19930679957053668 0.20677014139501632 0.021473340395788465 7.538167373932206
0.24852550078107183 0.02070305310000506 0.014953901849774243 0.04686361368093275 2.9012872776851997
0.08319502727161962 0.03331281198424299 0.08814140819557456 0.1906563441282704 6.778384667513343
5.388624698580702E-4 0.06975692844443376 0.2020674368534743 0.007434257046876336 6.987945399177811
0.048607720984251646 0.14077006121427563 0.008402209914678188 0.19662833434911817 8.418871351779899
0.11582579892122427 0.18391926652767907 0.22918740983921437 0.008809711542167115 8.956768765976273
0.058384041986669855 0.051078078002812694 0.13458517856421867 0.1812224932634749 7.165510319653851
0.004489700598429708 0.06788508596441103 0.10939827665155136 0.19831086506562598 7.684074365068629
0.01849372871411198 0.16760557027139303 0.0037119606262634997 0.23671468764047923 11.108703342170077
0.12359137072383825 0.12256666980571371 0.016963326632088854 0.1944910487156581 7.42736498740711
0.03652762812377158 0.018650968387371458 0.0827614748021793 0.22116471943501112 8.034941640387569
0.11153820104832154 0.09221044217529287 0.10386179680692079 0.1586189319872215 6.14758441106674
0.17361766479879578 0.12420200428487452 0.182840399853669 0.022808435976006097 5.816424148149467
0.14313067548630004 0.01334801307317185 0.2042196994902086 0.10280995759957384 6.882736915092753
0.11476810459474934 0.17868947408977323 0.24806376442208963 0.17682110478607135 10.763664914341314
0.10389904765858629 0.07202656381379571 0.10339213879837122 0.24437668423228795 9.268325977922842
0.012480832676499715 0.06243065892976843 0.10215341851148121 0.050272302566266 4.172294373301496
0.24486298716245397 0.038264022168267686 0.11095490367656105 0.02846829834493178 3.557560233180425
0.07105757534105925 0.006957551716460203 0.048262256659028585 0.12359261351471462 4.458174222204941
0.04134699404496797 0.009174264870218218 0.23936320792680804 0.003569631692935782 8.498976433268169
0.0014617463587912605 0.05192533291552856 0.03003187748348385 0.20937252248601299 7.527087388339887
0.041984456392740455 0.0047076680325154885 0.10253533317453742 0.046929969929429965 3.8982217144331437
0.03912285281645095 0.24379636043854205 0.12439168188307637 0.011813751593965721 8.554343386617324
0.05654307042040688 0.02245233440392999 0.21111901359787563 0.24949198331763853 11.14023502472182
0.029566180310016676 0.0889949508971031 0.19910702193027802 0.24265337174790585 10.966169310438534
0.09370450728421259 0.2204412975238653 0.15369838727432072 0.08239114503735545 8.07539030300472
0.1492506533552342 0.08672833842478114 0.1305843636194019 0.07188103644532892 4.544195283957638
0.022431133547326065 0.2094110335669127 0.21569929895248222 0.02959580233467099 9.54182902797275
0.14149757410002267 0.22916905291728476 0.039941207762208 0.004069563140317839 6.643617794874005
0.2430525372754636 0.24845655299566502 0.05025077724082161 0.18375839452098752 8.92409344111079
0.009893163146343004 0.1691940796819367 0.06784858131323701 0.08363930450539395 6.177311988499912
0.2167047467831833 0.20052844192909475 0.07776051758722735 0.11484799610901061 5.786293375552082
0.17404767075825706 0.06837607773716128 0.021153938414948115 0.14487645481252906 4.766422391199214
0.014254925674400398 0.16671710485583574 0.10346214002464602 0.13363456174510974 7.326261702190587
0.1550938351148112 0.20042200943982186 0.03679227413115649 0.1350258026688245 7.1794886254534696
0.10834432875199865 0.03076958418760889 0.2046920921721517 0.13459514994592725 7.41366643873674
0.17080756205524739 0.19775444936789222 0.22099322496626614 0.10127804366762413 8.363167235872885
0.19468237880854092 0.2077842026941954 0.002153964604030112 0.015312485534823533 5.349561139354166
0.08273358621136753 0.14143090837249336 0.03429205040840583 0.2449721138991487 10.286526972450421
0.14122464328501846 0.20352840245255327 0.24192802015838918 0.23193612102223063 12.344034823361643
0.20019896748545862 0.007096502194069543 0.005352226753125411 0.008832793854514132 2.7342141699359868
0.22636754659525465 0.15332504311528644 0.1774838328203875 0.11277653633640591 6.065405258569038
0.008597221884152156 0.042165216737702876 0.16910750460492222 0.2255638853423836 9.447378223314455
0.13979259151496765 0.07195251264196603 0.05345373903139977 0.11460248371478662 4.2536265885472835
0.20182587919933542 0.21192517949608222 0.18723124885757628 0.16861729104585726 8.658732614561561
0.032092983175107254 0.10850393378760981 0.05542498029540441 0.01871191902508193 3.99390627461073
0.2112602721344238 0.1647631500995776 0.1714408399074035 0.15845835335555883 7.197304508750854
0.21181533406356745 0.1626507915521416 0.15250835355526593 0.12634676485901342 6.079613421011032
0.2361464741643362 0.2292036003663871 0.04264500891711512 0.19014765358400762 8.65878038460534
0.15104942366863208 0.031256289099524076 0.07194114576471503 0.07552187833280846 3.5260511868607116
0.09279602495206538 0.01795766947536892 0.07144182814239247 0.11055972319213811 4.2762708300590635
0.023198681855028686 0.06678376293832203 0.20748217099134325 0.21383851550348573 9.930673860184989
0.01246539600044197 0.026677359046590188 0.057975264529123355 0.1860588290175071 6.546090334165932
0.059064326765109754 0.14144542575684146 0.07585677402073754 0.02435261504361852 4.726237106718054
0.08030296388450009 0.17761019973549505 0.1716580529836673 0.21395231580001783 10.504606613717563
0.06987586172629437 0.023536814270730178 0.2480095163515885 0.1640681725945185 9.594167083842219
0.07024628169291527 0.07084973736191819 0.03376869880390268 0.14354164005502504 5.206310468031633
0.04840081539116084 0.08490217508592748 0.24442247374447756 0.2371260824572347 11.769001802807283
0.24325248494179255 0.01837720987823213 0.18843047929477674 0.2350915581005525 9.88264103929308
0.07176653948738668 0.0709762050503969 0.19625686680211266 0.23725872735453643 10.410325795499599
0.23874465052895347 0.2485896272247584 0.16998015906120997 0.09753767865693827 7.145326278384859
0.042126823606701946 0.2273473101796588 0.13657585874881462 0.15658057930192032 9.971333993969807
0.0016569058764511202 0.23150960488763475 0.18723434301878417 0.008252766457189115 9.465144156301962
0.11380619542676151 0.13928789089916932 0.09840635923366875 0.07028524319506782 4.926551596151186
0.24996109751623652 0.13737234388384714 0.007661187203001324 0.23069202405016437 8.18403887643327
0.21805465275658606 0.2031967711224334 0.008897625484304783 0.06931913350863231 5.235613998700581
0.05005784420638265 0.003784893784427812 0.18696534112612426 0.10823776244925817 6.588112934634315
0.15904576844263849 0.2113991988141576 0.18133450149836555 0.22560215797178232 11.04404550577008
0.12991478942072465 0.24915321257246156 0.10209388832851396 0.02506371202308777 7.703805964224699
0.06725077855308939 0.09424973113507068 0.01926301768175634 0.08686573086318589 4.216251482438779
0.12233483545848442 0.2325721878865794 0.05817113838437854 0.13733927065950188 8.777607023147173
0.05882167124578963 0.17598323996526677 0.10948630524208983 0.010678387345379237 5.950912869188556
0.24323724665989888 0.12287399002290553 0.05237006122323537 0.09059408774838407 3.556642627512316
0.012115978007115669 0.11325944217231265 0.19318853098261207 0.20972933451972092 9.918053849086235
0.22233431643009785 0.15203005349394141 0.09022817791145354 0.0015631673932109402 3.6588963426831587
0.18499607046301372 0.24784620718477945 0.06694466710663818 0.19294026836387418 10.218734170048766
0.11608651722221855 0.14060205565470887 0.01241570806840353 0.045332939688259244 4.32081129190615
0.20903582649953653 0.16738693634137639 0.027873997255524002 0.0994757195898576 4.767989755705589
0.19531890455045395 0.2454370904744424 0.10246382717712949 0.051108507685808324 6.6624686678333385
0.05926747820742423 0.08069743607705593 0.03969506349413854 0.23522231160131676 8.817214886562144
0.16238157311208684 0.19230247488202318 0.05846079484852326 0.07242243879649093 5.5162157517993835
0.16060140294254008 0.17653746206962348 0.10893993497776672 0.18380713957134712 8.010260129993107
0.015236993831206969 0.06865540625254185 0.22422380916156007 0.21010539206617043 10.280171684047106
0.10455170168168024 0.19730232474325313 0.1730855942840196 0.1767257413638427 9.557242693566693
0.18835706901871077 0.06424283582002158 0.0379543649023818 0.028838896055787794 2.732172008834861
0.012400406059309144 0.021579846873796882 0.11486023459935973 0.2196497705995086 8.333095259513104
0.16281265436754006 0.10972685295213963 0.2188849652368523 0.22061061160839548 10.057161164886713
0.14343305954454777 0.1120180134008702 0.07948230285936675 0.03448488170505959 3.7331501459134104
0.05043842036801685 0.1760308985058503 0.024924951600854284 0.23089234393840205 10.84728504735117
0.1593785420836426 0.24744855762547166 0.08409012487318945 0.1892489912634517 10.413489257116865
0.2194558484283592 0.05960210033710195 0.22681332183204927 0.12586115881634125 7.642835798195977
0.018685930233371756 0.02071190399186204 0.2211198339099551 0.10034132678347715 7.7052290180190575
0.0914371467409136 0.04128508084851912 0.006786295739434539 0.04148391385031855 3.0137874932144957
0.036771204368616806 0.1461286538904603 0.06988952632190454 0.15427248867385884 7.0852854352480055
0.051992961272930044 0.11900250915914548 0.05226747764532183 0.117785490719578 5.394561141554744
0.21086660802807178 0.18306301791667548 0.24314737872053982 0.008425938402819605 8.435583758802121
0.23006659055396422 0.07693773474160209 0.1775883993104588 0.13412104867456806 6.178195918889184
0.22060550637157691 0.09452350209436716 0.057841603714424095 0.19292112931503763 6.358364508420679
0.21321765228189352 0.21641481422630596 0.11924728718898256 0.12377264662623974 6.655780612870737
0.07797548734575799 0.12224610062459582 0.131869961961114 0.1981486576967045 8.35822912240502
0.07877788247995454 0.13617123655313496 0.21271384673715185 0.05869048894637485 7.692086596353314
0.21277260282287777 0.022205356685065375 0.021066754107993357 0.04504770457730706 2.828605848674023
0.18326198728711132 0.012218645131668066 0.2212878723322895 0.007699159065484212 7.355358898412104
0.09218951007338738 0.016998609033499618 0.0731850159624238 0.14769612164446244 5.214075431708578
0.2149162784055808 0.1399869124818067 0.15001949974026885 0.23398911647917067 9.131787883889752
0.035670327018051756 0.13404869467074215 0.238131805075723 0.0902834336230729 8.983104792281353
0.07678794336995451 0.06394682317506684 0.1901989413529428 0.01021379330981892 6.2523645640711525
0.19866501191155614 0.16107046070707942 0.13621429276816066 0.003037093731322965 4.810826292953815
0.23019777293135518 0.1824067410374449 0.0024234522159791994 0.2420125827983138 9.882945593099556
0.011416142370758275 0.012746391077834651 0.24865459262032133 0.034172307405624325 8.783727486610417
0.19099914642964833 0.027678503395630993 0.10874942108521013 0.053280072636455206 3.7398470560263135
0.17141078705284815 0.11505662488328094 0.15713104132066927 0.2274357106156121 9.095228559291378
0.18350603970514767 0.2343079015636658 0.2269373252187334 0.04900175777277152 8.83625208951106
0.10063041008916032 0.22620872974092068 0.07160380515266487 0.1773132421756841 9.945251007986297
0.01947298494534999 0.020565089072007797 0.19229740402732545 0.03397664706968995 6.296339117049596
0.09123152579428798 0.1756125125131154 0.19818257085210625 0.14647253548973582 8.896422192258425
0.08200966319910652 0.07089011106068926 0.17514386293356496 0.0282469779556688 5.692666319567991
0.175789963662502 0.06484517305611343 0.061294188530110066 0.14251005178893786 4.801378766765871
0.10681302728879868 0.01948902486104223 0.21436539364435553 0.23255544413702456 10.443982657263435
0.0707415524407366 0.03705216717249113 0.2069080533320826 0.013573431173465322 6.832445424766382
0.015599730847828175 0.04777578842386701 0.15011985012692422 0.1596501411998325 6.889621415659165
0.10415199947111303 0.033728993143443076 0.026077017159643556 0.18492919597370452 6.194078363334012
0.11912170719727982 0.17085532515123464 0.1011608832567911 0.2097576668316021 9.224689169647462
0.1014488579112949 0.020329314589064923 5.51682318434471E-4 0.22104625107687884 7.6622537461384095
0.06964767192642196 0.10074301443295619 0.1948043305869469 0.03104457490516982 6.656610480403444
0.015248277931904725 0.22464468059919404 0.2347258926331608 0.21026540700423066 12.995584497405272
0.005293383577677058 0.13651596615349185 0.07004222939931556 0.06838757358838188 5.130009223948038
0.14790947361484372 0.24440116461333886 0.20067114537028383 0.03162531264270271 8.881462853303127
0.1410834716909853 0.09409133778355777 0.2368121582181255 0.016272739365171096 8.046223164751844
0.1279496258661315 0.19301821093193886 0.1855178866586795 0.1259150513559323 8.230841759890136
