0.12412766102025813 0.10082708026188178 0.18692985876529855 0.20414407938959972 8.95384568302446
0.11395211767684954 0.11497507180477687 0.2429413671825502 0.20552372591121182 10.605227099210207
0.03279415833600624 0.14264035079226825 0.2146928267736739 0.005021741998150253 8.237065315158322
0.012100794106127771 0.2147300513356243 0.01300994074316586 0.15015737349155134 9.530554399508876
0.2122630622918066 0.06383895082174668 0.2176627584455957 0.1707101873127397 8.227321046610781
0.05597321223762919 0.005637970813908572 0.08715361098623603 0.1479934971139484 5.444032350998462
0.20134260188424097 0.03236109624283484 0.060634643418165296 0.05941664942470623 3.129035130683379
0.15972556044495553 0.047811058673967316 0.15751061762187607 0.20434350815687208 8.004950927562604
0.06793098016493881 0.045618824068981045 0.14830031092894452 0.034100192779018046 4.825787826688106
0.018302143299557927 0.006368677830033476 0.0024098879230665116 0.2023934613129687 7.04649809347492
0.03300666784990533 0.11464031468653993 0.16461422190605696 0.12237163650695426 6.908268207514319
0.24080220272618869 0.0740211364283545 0.1722471615933749 0.013093311477417019 4.953339739406976
0.07552997005089601 0.07670654382840969 0.24936940867137597 0.09126474804670029 8.787769198788945
0.11563689909631689 0.11443293329729964 0.05251263527893543 0.21376505339884255 8.093184158830681
0.02313862322969673 0.04917745210307298 0.1949912301835211 0.1526989257833977 7.766483769927104
0.1686092582548016 0.1953107195271162 0.043227854721715 0.03750003879579941 5.168638285107534
0.19602032569381192 0.0997030033833308 0.05905690597664179 0.07795371803138243 3.513562713795044
0.2375499547363745 0.2426613218722537 0.15654977347222104 0.23791582245250414 10.842658748681053
0.23384490099242022 0.0205145080156319 0.15054852466138766 0.061975541513827614 4.793069849938859
0.09964160491941998 0.11016509636940061 0.14679969312016422 0.11634277798011972 6.047126571306439
0.04813901056961664 0.15699136795009483 0.16034738397326997 0.24083681068942867 11.183502095774545
6.455399495849945E-5 0.17010996717737817 0.09967500209858599 0.021010844070500606 5.905561435283109
0.15498616159992856 0.053198714747027614 0.018977538911393615 0.07816789509805655 3.289500258941832
0.24309683608625693 0.09483147304874551 0.21990139262970634 0.1903067369235994 8.591706347710733
0.20543484626938396 0.23959115530204175 0.1271062119244428 0.1488821104870815 8.115151807320363
0.06930120385264935 0.06010404791674526 0.1190834933570985 0.12467186487822071 5.385623846173926
0.09349764597144095 0.050577986349502196 0.16680904413238282 0.16101417020351855 7.064147258735234
0.10493197955615322 0.1644289604529269 0.21801166615031597 0.23421133866932306 11.596710220932538
0.08412406031260533 0.17214513170195758 0.014107910458632078 0.11899232310279392 6.656199499295079
0.2321945699077547 0.17066414094172247 0.19018279845580566 0.07158432265477965 6.015521355311284
0.21602990371027217 0.182229206126131 0.08578913051219941 0.09416450573909085 4.986787922522182
0.041490491666850926 0.23894125886002168 0.18579287507049028 0.022246111121572987 9.459637453385554
0.04676612447251968 0.15903895422518033 0.01600988191357272 0.13089889713820163 6.7597249430866295
0.0892806292387884 0.1323153447006014 0.13795917747565986 0.13661215079994798 6.70490782779057
0.11990974571871515 0.24501934343058307 0.1207006236894674 0.12907902696655565 9.116549933498593
0.24769961781011332 0.18909223560842497 0.015429922547232716 0.10121441045930404 4.885519378312151
0.09675990037730611 0.11665373269935386 0.1702713867216391 0.10631395391986503 6.487936071232008
0.2445541533602154 0.16827924826472976 0.19853912358744596 0.15842037645635054 7.3951140322097935
0.05742158325120461 0.12279932710207891 0.05362968858345074 0.055683644655961206 4.409100357846186
0.05483798711588472 0.1371042710435969 0.21766451343371285 0.09678493913621103 8.247083216401537
0.03866012405210609 0.1667512970566374 0.2290178831832691 0.177339990001523 10.552262166993085
0.11739650823294578 0.13204870309030814 0.15594631072706172 0.24660558493009552 10.503065912355694
0.18840904350969817 0.21973080405806109 0.16967783852147714 0.07478370982920357 7.0363495274901355
0.1628736108041995 0.13733944910999024 0.08052470821144231 0.227751090132356 8.794450322845943
0.2293141791104569 0.16599234704966045 0.07485063563353306 0.06913744736176128 4.058919294914906
0.0015737694669330782 0.23734539192791648 0.179053776601992 0.00933413678848044 9.443306222816988
0.23619690089682333 0.242245639620901 0.17911921369082923 0.09723545144866874 7.183005381171837
0.18237209235238955 0.11182353112086893 0.09074977278961152 0.15329808951767804 5.6178853606528465
0.04481917535894234 0.14658738933631962 0.05560168227146006 0.221850037675741 9.524772714002024
0.24630512105090974 0.10546022281944711 0.23373145092504025 0.1764882475308382 8.596511983243026
0.17183333324001537 0.20463828437586695 0.12100318293181267 0.09487524361706362 6.4273416228255815
0.11097525995649221 0.16565275554685568 0.2429103781882965 0.028277968992353297 9.14804635305792
0.18829936820531828 0.04308048614780524 0.1130340713825091 0.02678793055705153 3.622763119555837
0.18440160652712953 0.004976557495670136 0.1951889785838981 0.2433198385629112 10.407729157133257
0.0516524899481311 0.03329093491719262 0.12320224838290436 0.12820667062346836 5.464663897887882
0.11945001825853718 0.15728345823527354 0.1112240849129558 0.14149234046432815 6.736015513312119
0.2135038797545656 0.08026582112779246 0.08048744604792663 0.05186872567594611 3.18456757437191
0.18247518231969842 0.15887618663010925 0.03551389921384371 0.009612224667333802 3.9006037455708324
0.1331573367102795 0.14453148661960072 0.14390528836823874 0.1758454252258679 7.744011664581446
0.022307566488679542 0.14870449257118443 0.059066121333443244 0.011982974526670243 4.906238797665594
0.13922470855435373 0.19723708420544242 0.024468919598990724 0.13131624786950813 7.22975206857082
0.18821803782623572 0.24402819909819476 0.21140505837634266 0.1393496100305453 9.40585935506497
0.1442228754570632 0.1211243324519915 0.06955606960956168 0.14072197497758251 5.524675369300292
0.05799290292843701 0.11049246261864104 0.21117553988656804 0.06833021449970517 7.463633913782097
0.029535100633076156 0.13256964756253614 0.0051892697558195144 0.194617133578781 8.220179184878964
0.14975231079538123 0.20806060554330774 0.12710143474542257 0.11589441331523118 7.255319190595781
0.0806196185122954 0.1123939575418765 0.0442371237575544 0.1580421176695319 6.204095218612547
0.10364466598645108 0.006749778555377728 0.06355661885439665 0.03595919064768116 3.17377153938794
0.1648481756596841 0.045635575535579426 0.13104442723635626 0.20973527753073173 7.7686053920641935
0.18205003966531008 0.028614803794036997 0.04750616909762814 0.2176723379592597 7.380280403934495
0.1568574193806758 0.08298133880378394 0.1554988895223346 0.08000527128878585 5.126012356003728
0.19942524669419126 0.13492550646126283 0.10607560471319938 0.1574538215314453 6.00344599611967
0.1787959069455114 0.04905144796378236 0.03204233892927322 0.11558403349427504 3.94497484204968
0.10542348138577126 0.03998283584123008 0.0865060055844589 0.13936536837769417 5.099926288770049
0.03534957262710317 0.035233181296602634 0.10163420049687624 0.012280619565335493 3.792127585683324
0.007421278792376029 0.09551906647722241 0.08275278573981559 0.12087868631616344 5.398398692193106
0.035928408721961735 0.02725896904323602 0.12717504730595602 0.11875627900642133 5.355744626813635
0.23108569227816603 0.20212747549038645 0.14548597951187167 0.13361246668781737 6.529162763313523
0.20889727039194722 0.08022393729315572 0.21539806093134853 0.02724105536508631 6.624496044074307
0.08011436670972474 0.016666695515602903 0.014749824232276637 0.07110865068743882 3.31785353389673
0.22523351020496174 0.11623842687986671 0.060736174198729176 0.2295122453483563 8.015285108426152
0.0187814743791499 0.18708513365087684 0.1770394391711693 0.04821814690845769 7.833756345420095
0.16149434662440842 0.23241065835342284 0.2191727597497925 0.17895495731933017 10.600869918378365
0.06342218368184535 0.15861075461571492 0.11105246096604118 0.07916635254660381 5.949569388241381
0.04447668908934077 0.2193549385485873 0.18258365062048423 0.162025207766354 10.380076657635527
0.23148859227285506 0.1577515309705693 0.1488733886827598 0.13386884281458478 5.89454605705123
0.18245233324835342 0.05292065991231415 0.08657827624300748 0.19493573822340654 6.653466578737787
0.20930984501535616 0.023051853004880274 0.19184850061622988 0.19456744503970042 8.424915989754068
0.10036124712649269 0.18433749369716215 0.19734780624706588 0.22388494839320222 11.244868242966126
0.2121893218790239 0.11405025143721689 0.08290912763839897 0.2473570899362717 8.994906024487992
0.20884583012327065 0.01647197789289981 0.1355280091026138 0.2196492415730043 8.295104302741032
0.07297163659098221 0.09238374229885382 0.24960110981082745 0.2056737179920854 10.87105278378347
0.1495088823848674 0.016390880513816597 0.1075847347433829 0.06985905706271942 3.982164839444624
0.15771232188382683 0.18148404842409074 0.04457822293217442 0.07531353101524949 5.296172072520994
0.0712782018388628 0.2269266639112232 0.22772979340603508 0.23477895084784597 13.429884263817252
0.01958299616014375 0.07381109073768402 0.02281743340278744 0.2330539804020146 8.750435479372122
0.1552605035937446 0.002440320832593046 0.07587499640053513 0.1949120234512354 6.763229416240107
0.014644781247236976 0.21706899817476197 0.2073137550382311 0.0034467020782150137 9.637363759165211
0.01796757340359814 0.10647688740773084 0.1996322819208501 0.031248972427206395 7.083130031447671
0.16562286105639057 0.023350001483915916 0.20751252709839452 0.030852784086948803 6.578183887834598
0.1852973927410632 0.12150901367948391 0.08086761896840738 0.04148215966158342 3.5992812598866744
0.12231491543012132 0.10765145788619326 0.1172369374554316 0.006290664319473227 4.326748982484461
0.1421531266898666 0.18346382049093174 0.14981659200832245 0.10800489085745879 6.872015198011789
0.1297663022279407 0.22471139605507176 0.18136859340336814 0.12116693819116117 8.841602968782277
0.025082684260338856 0.1162284252092137 0.24226942462340817 0.09601634766166806 9.014414313150471
0.22784476104963017 0.1356078302527861 0.033038980796435524 0.18246043522678435 6.289816823826431
0.08782175537773959 0.103829389312318 0.20783327959339676 0.12255238285029404 7.699304339322133
0.21834747625629136 0.1980671790713772 0.11558954137580457 0.1364298573954856 6.395685340028569
0.1321231179658314 0.10048143865402423 0.1897796514063853 0.09976255011031943 6.543075701682829
0.2482732857266907 0.03692713260873748 0.21605832259313318 0.06041524316480326 6.796481904539215
0.15875496477598006 0.24120078207648288 0.15948463088793685 0.01825365892948369 7.686898449963232
0.17039288232238578 0.2136992159837006 0.09945084224627959 0.24480369726307652 11.335328473215217
0.05605116073086455 0.07817826928956081 0.10096990452097651 0.24882017584004584 9.706104412222956
0.1547498000870889 0.12667641350954553 0.04555314644998171 0.04972955512469221 3.7575903272227347
0.2058961450428175 0.030607804956048507 0.053552255103398505 0.20338175321528323 6.777396093269699
0.08722496323588413 0.18553115172138282 0.15254472002066036 0.03357935681492208 6.786286840620041
0.19952738701323408 0.24816523196218052 0.033109409552717434 0.00844826088113651 6.568527260951569
0.10379769985581713 0.11684894038421223 0.08416920730905084 0.16287198008538972 6.471289805589581
0.1680381228115858 0.15083305797172633 0.1649700135431954 0.15693256262628325 7.318801829871313
0.17163594808205548 0.06954300879266775 0.24972062677420717 0.22558419746085326 10.936567801415901
0.04496322812376852 0.22026631088626453 0.17393558437271403 0.16663142218627633 10.398400948872354
0.19064850265442904 0.0015952271760140968 0.21860299076645479 0.13249193809047194 7.8793143830895005
0.14083104151264256 0.18039486564492951 0.1894422198821777 0.08619475657064227 7.35975844141473
0.1516321022617089 0.14206862257973257 0.23372106782954552 0.10359767386378993 8.260531510242565
0.22206395053965594 0.017457518673017758 0.13636990551149147 0.0019036715999944942 4.297142637080739
0.19964621116637007 0.13483685540571202 4.6015987404215974E-4 0.0492141378814453 3.563843853625295
0.09911052755073174 0.10216310957190483 0.044507199177545004 0.011077462131799498 3.5077014651698244
0.01374822287403571 0.03297586353689952 0.24051268554889613 0.01777472586296633 8.48516687651037
0.04119205138969695 0.23917409860746547 0.1721791341956007 0.19043000625391504 11.730086760796016
0.2267219933570571 0.12526312032216771 0.062309339717762285 0.14494091337888867 4.994998296720508
0.14754622243153095 0.03160777851751348 0.15204613296803368 0.15019577504008616 6.289562600800883
0.17093245208552393 0.13872968913286687 0.012312730263077942 0.10107697802226509 4.627348863490479
0.11755088670961417 0.010750534783388832 0.17958178470033773 0.07734583312980955 5.855536999420654
0.048939140633159656 0.17371049655243131 0.23393119693187014 0.09666232774183386 9.436560127033946
0.1746105634907389 0.04368041297995057 0.07723722212634518 0.23371408711700944 8.21909511290309
0.19000144014991222 0.0403380311248952 0.22331075256186636 0.0677117821939176 7.128293395222874
0.21118863491290144 0.09399334588181268 0.12979997844225216 0.1873541812243225 6.8147767307977665
0.11610838030953347 0.2279248915863329 0.23376282346219526 0.22577409902209244 12.797209376495216
0.034867926847057196 0.22332830080272667 0.1489551469757192 0.11794722460427418 9.091040655404454
0.20366577798544186 0.0511804231700459 0.1930857013475759 0.21957904908086096 9.145885809529837
0.1578225936145674 0.03388673151091587 0.03755654411305906 0.09958078140911145 3.673293330929378
0.03947349954296808 0.07970674111228684 0.060537474869893665 0.21790336790262674 8.146271745417666
0.13458404130945426 0.06464154118055551 0.18661587123678058 0.07671938806431591 6.005774062029699
0.13212576822727773 0.019719534548890194 0.11271825442586889 0.03572589301213919 3.8167197481076487
0.015483748340483966 0.216431005914784 0.10051748120159823 0.061686874288015 7.620370858116411
0.20246721181487784 0.02943888473701925 0.21011955700490936 0.23824221997564227 10.361156355030628
0.0456557682336137 0.09363284481134274 0.20846674696382078 0.1444808994402813 8.205459463669262
0.08923751054071069 0.01209544422627093 0.15859852878275654 0.2198091104204445 8.814899407656753
0.05198171556782211 0.2126138395401012 0.13267971053538993 0.2182399006507971 11.467922974494796
0.11853746154067729 0.24299728728179887 0.09253499702224163 0.06738909108291707 7.873350504459672
0.0228611299809231 0.08965024342027414 0.24632191115728916 0.13618282146803562 9.394053711603053
0.098249276980755 0.2496027465187287 0.11892903084940676 0.08056543427979976 8.67197490818097
0.19818990922231897 0.03351434757632918 0.1667041435067547 0.07834198325385397 5.271951382208042
0.1610439078981648 0.17604454791317145 0.024196866493211677 0.1326979271958529 6.338211695887605
0.049429708051937665 0.030422516803553318 0.14174301316804136 0.21890928739006993 8.59437736874157
0.2421082127883982 0.1760505088576895 0.1579230050795957 0.12028964832241343 5.861728201802456
0.09215111130895465 0.17153994537563175 0.10019406067027128 0.09751620179053008 6.244696495106272
0.040224813254977704 0.19070622877316562 0.1703263367054711 0.06013518265427947 7.731249183535285
0.035933323349996715 0.13573751806836806 0.19866527475599044 0.16026773282375756 8.83402027241861
0.12333737566201988 0.030004956851188508 0.09269801133909511 0.2063204660398044 7.306807698717096
0.08900330325236297 0.05279605457157721 0.010918816475379123 0.2488507262436225 9.100111806093565
0.15223421884847452 0.23963001242219537 0.06256897173968676 0.12164464000020597 8.249590669014522
0.04749703023996074 0.13475323129366729 0.06746879898412883 0.12853689008557456 6.061456350079258
0.00848302223436656 0.0469150747712907 0.05786487825596179 0.2005342508366479 7.1965977485912305
0.1117258119636852 0.0255885760775863 0.015982831018577365 0.20840069872401035 7.079914305521346
0.17524940213010887 0.2424276378032409 0.06680629785561273 0.20302001601626166 10.556258074379471
0.18433040763826253 0.13194170876071515 0.2354952713715977 0.1695726325156053 9.02139768255424
0.03213228145346944 0.1661209407906279 0.18281193753682703 0.17184655684824607 9.350717453678262
0.21770577622180226 0.010059262212931325 0.04993991165605863 0.029847981142053365 2.957196718121271
0.037648703318617 0.029499687370467848 0.17616271438012895 0.16728538563379317 7.554768579629778
0.24057924212917503 0.19666577040677818 0.24900992105799802 0.23547157380743133 11.145254536635592
0.08550109007027942 0.11774489941353622 0.1566845634635723 0.06672142895433275 5.763058101693508
0.006124950132751716 0.1839537737520949 0.18685289143826175 0.18341869606859926 10.244136062765458
0.13325960009008417 0.22824314901383438 0.0042076734540866245 0.23858345165029585 12.689525169708896
0.016497385177813434 0.05138855304626716 0.04160879227036243 0.13999255459120846 5.110411559714254
0.014592466601470955 0.014465561788568032 0.05606006041123035 0.21268861286347007 7.55652142942158
0.24116675612300767 0.0795226808051632 0.13129858250369808 0.0840585849999862 4.231728608252867
0.15867715520211517 0.21664182169755647 0.10335323853402312 0.03157158761301809 6.153226858080768
0.1589390731498697 0.23351585161733454 0.24407138010949747 0.06573588029683683 9.799699042792266
0.002925073475995632 0.07317459478682989 0.06031782574395039 0.0298684536132639 3.6423921452168475
0.06604373461559016 0.2165551709733205 0.003317990415342059 0.23386615236207337 12.640767203561516
0.19765273833191563 0.01923952569688292 0.2334468931262319 0.10132570043486774 7.8843320779823465
0.15517144005453276 0.10587128411889427 0.10065850958376074 0.24808039411625496 9.453091532955558
0.0138321176568042 0.09151633423640479 0.17970484955631752 0.07550471159175126 6.426881016689121
0.18284522088829552 0.146545645456024 0.04231194031384347 0.1037836753470408 4.676433941857838
0.177553064969123 0.020496093218793976 0.20555970592396072 0.1387519332317168 7.418542146043437
0.10500741486304507 0.09080424484780703 0.11685557151162815 0.21087836457576173 8.113354068874386
0.1673305431716088 0.05431021299963265 0.12109650841918779 0.04650515265628383 3.926617045690489
0.1232053999883051 0.03299307458734391 0.10488191558452992 0.1295459808627656 5.0194558933402185
0.07288956912719327 0.12052624557739594 0.17596976852870627 0.18650613573794397 8.66512915963413
0.14625889723212143 0.002930707403519972 0.06356106872692158 0.17890818585572094 6.09579929144563
0.17656056211881374 0.24485600203060406 0.16645268479500677 0.11498992538842293 8.405138465675265
0.2347916409829788 0.14283320407108088 0.08161627108832786 0.1968870361609032 6.9262564831846145
0.230918067032505 0.20822117624743347 0.015340993299927247 4.2118239395627644E-4 4.6657816641642755
0.15851026192364973 0.10550680109171068 0.21272046327347177 0.04208490017087402 6.838952769579984
0.21879547013190556 0.23612184019848026 0.1889692065346757 0.2218477944027167 10.634775418731977
0.008613153387672684 0.12400354299679062 0.10782172596169953 0.24100439225922216 10.198119759676892
0.1943087322802775 0.0767530726265622 0.1280971726129833 0.1814421101660124 6.630846472277186
0.12021216770628629 0.015435255721836988 0.17940532272657111 0.24642849937042277 10.216924262998411
0.11602177424198001 0.13681512179451003 0.1819245710657077 0.20330014961561865 9.277928403477055
