0.1221499490067734 0.1941411876534245 0.19320020490346604 0.08528138888857964 7.931242940102937
0.14588640667168992 0.15646232877457758 0.09699139079491179 0.20306901090576793 8.360107874398045
0.24409568377746205 0.08190457510020743 0.24533781965792556 0.23679005604930087 10.846769249949364
0.20008966107808235 0.217336154178421 0.17522200456309323 0.1254728603924169 7.612421576183371
0.07330213340233713 0.11541345692619975 0.14547094785477568 0.14426721595944056 6.844242639039699
0.10044119644078203 0.19012764843263058 0.027870745897203925 0.20930780677205743 10.006917564062745
0.01590671694199297 0.11366110126869983 0.038860496699783864 0.07633570465973097 4.59114804897584
0.23743376256452353 0.04061464330618586 0.16462682816319701 0.2019759242807562 7.938862636807242
0.03015948042420405 0.08048130388644104 0.1629379607153777 0.11591475145419888 6.366567227401118
0.21860938926139534 0.2256189582286886 0.2196363347394521 0.2081288025441398 10.385018324228072
0.011460760036391793 0.07991386331835418 0.19635139220314662 0.11778837017758428 7.342631439778415
0.03836421725252637 0.2228290090018077 0.17869914053391275 0.16949091219339757 10.660678078751056
0.02159135126887804 0.1345956060198767 0.22100276798065402 0.03807623721259101 8.240010690884832
0.11782470507266937 0.050933065876662104 0.03439861484522161 0.03543305394195542 2.9670776123468845
0.11701798208797712 0.15987221264048587 0.130084424044572 0.1014273504943157 6.185725161918081
0.12592808130291133 0.19900847595641566 0.10842180376255911 0.24636627523279517 11.532730265535443
0.093656922676914 0.008826194395003706 0.12762250268966607 0.08425675721994341 4.653670555659012
0.05533982298109452 0.19661221796874342 0.09282805572582553 0.2145265314642982 10.64025395859343
0.02797855403800703 0.015916317258479307 0.02753513402706098 0.05484570969363661 3.2488123731533554
0.08934099412491939 0.11851801682312216 0.1745237493253238 0.04922039953613733 6.120041426498088
0.056835670252103565 0.2394237651951974 0.12271324986518573 0.22362552026089955 12.594000078658524
0.10831824198112064 0.1305454213878626 0.16970107764935738 0.08610214866277285 6.310934287851396
0.15089836835367434 0.16540042769594004 0.20713172768244278 0.11946546172382833 7.898561979848505
0.24698924209484818 0.24542607476448036 0.15749858364915853 0.0925525339380758 6.652380085772847
0.19907828012845788 0.19831453391618017 0.1464987831440959 0.1202849748783035 6.65579283521183
0.2259964661810957 0.020152571181098367 0.1646413356369808 0.0837295449554741 5.370556794359166
0.03382503518231941 0.07608899820023746 0.2054513964367433 0.17881059103182503 8.83253683116428
0.2440020396779222 0.2387551231945418 0.01531853238167366 0.24636148800566063 11.56414757290783
0.08967773007731161 0.15972777192723525 0.15180453627332358 0.1467977286975631 7.6814735023758836
0.02891647541898623 0.18695143146017298 0.023056317021509537 0.029852703074128878 6.122480185804468
0.19995417926224746 0.11022555715066426 0.22086202830931087 0.1635378747688085 8.205269041482406
0.2093941937288154 0.18761501987467594 0.013843673077612806 0.026772169363350945 4.440745469454049
0.09896082131396614 0.02795609687364986 0.08529693054323967 0.13697125535268584 5.0227938198211834
0.23022851665813773 0.12850737805941864 0.23226919110098673 0.07729540673263677 7.221045982395449
0.009606072980407887 0.19223446634959893 0.03860913019440995 0.15822550470466906 8.70635471485836
0.09777905225063294 0.026219187028118734 0.24492648051629487 0.094669902566102 8.445685348151821
0.008799913272066667 0.1012486044647106 0.16266803394413906 0.002900465382439099 5.89351303559913
0.05406421802571995 0.23276599422082783 0.01784608783855382 0.17127445097268743 10.785461482453204
0.17552256646138795 0.07505542949828506 0.06234815730302323 0.18491956286804284 6.209184049454444
0.09065175810144904 0.20378359325886358 0.1572117163149908 0.08734260961426998 7.7262602578362385
0.08894504202229292 0.24683682860873402 0.06276544960031721 0.09126803120057075 8.747193797556035
0.025980019905921414 0.05976846156418811 0.1151185616020936 0.15692072998367904 6.273289402045856
0.056484350077978196 0.08011085230271073 0.07712209144002463 0.0384382521917315 3.785269046391979
0.182242846763949 0.23430855403870104 0.22463157156862287 0.1581307422142707 9.940347187545493
0.014176301263428698 0.11209345725197245 0.16566764023535538 0.15390258721202488 7.651506128586808
0.010470887697635989 0.0657497631061072 0.24090145042254976 0.1573080887755844 9.441563619823999
0.10424849909189107 0.18590600391816886 0.11878435193575515 0.04843398833427859 6.132671965844251
0.07494210808443375 0.0012433526250522076 0.12759619848888218 0.09908507940634634 4.9299421937991825
0.2472765883312934 0.24682393989449034 0.20970442976093837 0.057594676552637 7.438240676267634
0.12055436025334998 0.14461970019057416 0.14040602832543966 0.09699000762263493 5.9612220357723285
0.08880635071605114 0.09026195179282154 0.07486703736935568 0.14321326513338045 5.531093418246947
0.009292799525509349 0.19203364229404773 0.07187946899263664 0.1716323067404085 9.073693243335732
0.012824616505343 0.011690824732883465 0.24242293717159033 0.10817055434837311 8.652794756725028
0.12442492841129507 0.111826732644282 0.08434844514762474 0.24604410251401615 9.547013171052726
0.22696169683465112 0.12118140960865398 0.14189445524301933 0.09031438496074362 4.702397891783513
0.15355616809162276 0.23755171370788433 0.12020014464149908 0.020248419840796034 7.0602704170243475
0.2368082513549393 0.14777097630409797 0.24049873599171703 0.11382381210385442 7.821106109825308
0.22417868215357664 0.005604595590582878 0.19125352275720922 0.15962442112247813 7.614801296101889
0.08922927934245753 0.12134727293975572 0.014141956370968767 0.03884293663174482 4.008436799047518
0.17784628279008877 0.1314095175203949 0.16149824000307306 0.044139935596141155 5.241913497936837
0.07705818788909483 0.13224556745957583 0.02359238642392167 0.06270474312642621 4.543516660115678
0.08160830648401918 0.08060180281814028 0.19995381268166437 0.13802158830757016 7.579303230263593
0.16005360114188172 0.1812540642827014 0.17884012054928772 0.23856513821653738 10.871251440376719
0.13783514223735102 0.004154529765154014 0.1429068234403908 0.1019329202875699 5.197819451037088
0.169501888415951 0.1952228996864359 0.08715123402782013 0.039767640838221735 5.286635634795617
0.21606836828372908 0.11889385975298825 0.06728401386437144 0.08223069870801666 3.6685182147595694
0.1763480472098813 0.09597214031006426 0.19282422831402646 0.060758953482992456 5.995044499206375
0.04302815613066899 0.07734845443818375 0.18941902994948043 0.17436982906730095 8.276943551466625
0.21523789473334448 0.12269401638543292 0.2291565512978074 0.007875767343254292 7.34614740921867
0.1494109258093423 0.1833783816117389 0.01597067418113196 0.12002709612161996 6.418260642789612
0.11935432132262691 0.17054472653964295 0.06562902437551643 0.19582306579050596 8.580905009625676
0.23460990186503916 0.12252867200564735 0.2362504518204807 0.1100141511997082 7.582890481296309
0.03343039357852623 0.22062115939711327 0.0958159755736461 0.07816427723424627 7.875531404919274
0.17299146642189236 0.18855297331226156 0.1577172222827741 0.12754991487546571 7.114728035845472
0.23482219284999956 0.24901777010617568 0.12402886399850663 0.15264361443976945 7.944278163621348
0.19786018423502652 0.050052551183175004 0.0488967972262393 0.07896287410336203 3.263859505941215
0.20502413033193667 0.06515901475945834 0.021201278674134988 0.14466083028093785 4.625873853134145
0.11174511852958957 0.1636759400597039 0.06648427574714591 0.0213934446537202 4.832070973392739
0.20650957410901416 0.09210258269586438 0.2330230653768323 0.18471878102282632 9.029493350584877
0.18414045968879716 0.002824588596564037 0.005886900557426383 0.10956677923256644 3.9480472653287437
0.1822796355847784 0.16400877191140253 0.035831406786567654 0.008164088577617024 4.020298585631393
0.21033318803593 0.0833097969428877 0.17696531681010794 0.196206331821536 7.9036265787547135
0.10800287053417093 0.22847132766041842 0.24826668593209858 0.01804116803141384 10.690835119602678
0.01745050778770718 0.0799062776036607 0.019231000685132088 0.08315848970464979 4.10942590452441
0.23912874035600015 0.15390502055661234 0.1692009116839159 0.11438001805612844 5.773314019871158
0.016360054683392744 0.14024760548075657 0.1332576444059122 0.23279855205248554 10.331893037259615
0.007857672582603809 0.15468530846977926 0.07494654558509006 0.005737997663268629 5.2057672283743255
0.21055545604222134 0.06500890558045438 0.21756438587114035 0.06178841309668606 6.724595554528357
0.13735043025011043 0.15923541254436643 0.17125357769199723 0.031315985051136364 6.237259370022562
0.13566029977020924 0.08582211662977851 0.21272863045664564 0.0017562306279739204 7.0637297520241225
0.10305976143434992 0.008756041739719944 0.2081025584671957 0.08446913268904008 6.911427751444755
0.015683100382162113 0.03486906174190163 0.01698629915510591 0.07396842481209914 3.5542926705848634
0.13356698826440233 0.18679318748772894 0.027801495863721798 0.040932668406737704 5.378002234718455
0.23465622729033386 0.012597725840239576 0.2000773232515759 0.03756426011721159 6.378279143066967
0.0058064303503841674 0.09233918747747985 0.1293944121873976 0.15758288398955464 6.866747445245718
0.03479155665154679 0.22250701009702784 0.20459418803766605 0.2334234093637945 13.140840485339664
0.20206047653700812 0.1816624745746945 0.14488933390332326 0.2200537889870704 9.235437897339157
0.16478562762235738 0.20444524202407288 0.08659134017439993 0.05823673220155359 5.766100401428251
0.05860807512229105 0.11656124900111303 0.18531355181398534 0.03002964015368806 6.5610297904548425
0.014407200287174127 0.01036786607101614 0.15971326306922923 0.06585060555710898 5.3773200384487385
0.09840950301907467 0.11923642458901398 0.0771039862424436 0.1355336659041432 5.715305707760433
0.08399990856458933 0.17899946484628815 0.219599066542202 0.005455170604689197 8.779304859493225
0.0527101672349273 0.046479141252743134 0.07184043690602787 0.02003335080181365 3.366666581525294
0.20003294074708958 0.17834558983280005 0.0878213523059247 0.16868673135819182 6.965745298062739
0.13894631963718806 0.008368159102184969 0.1748295204490402 0.028682545446177127 5.472059865960567
0.20033248754553518 0.0474995796532274 0.027117195946378403 0.2302146228706814 7.826533507984624
0.2248354663183989 0.16917249153262845 0.0505471740400866 0.12252074256289167 5.086981769440577
0.12512678412279998 0.03168977211377241 0.1421690795723902 0.07888296854155816 4.80158647829893
0.07103423145695109 0.180654497721059 0.025447433007631082 0.11394979397607116 6.856803421528767
0.012537566081703228 0.06701236072442074 0.19269353572707867 0.19897747874205102 9.105720257450741
0.1572466115877391 0.010468834704165791 0.021145411210815285 0.0993084260300375 3.6894957664307935
0.20965074540252798 0.033795255358449544 0.05809536839404289 0.22368773447365434 7.633840939886959
0.15916530380919733 0.24085254721009716 0.06348220515765252 0.11686484862921853 8.081380425460068
0.1727991393337744 0.010038203337139312 0.1554451986530967 0.09533519953977482 5.336581486979798
0.20612898609951316 0.22530157807260764 0.075479570473898 0.12104775399618259 6.818842497559817
0.04319001911589354 0.06887455481683238 0.1750382362085759 0.07943727642269269 6.050220775610908
0.11187839159322896 0.05342907239453265 0.22469219790547756 0.1762360357067376 8.955721843734416
0.09651036555835996 0.2264999231763553 0.06029201130650455 0.19217778159390872 10.577523544621405
0.08329389666618925 0.08670075642658945 0.15796537599048685 0.08592754459118176 5.654959173888763
0.22764252198137705 0.20951309261698095 0.22124091052164763 0.1633540492792081 8.768563254528635
0.22449751124617462 0.14024268423469802 0.019105847094546685 0.23560716549450472 8.643844143432753
0.19412324143863782 0.023114440436753175 0.03338533102447827 0.11937107852206091 4.065692493558458
0.21620207501620975 0.19841667968795038 0.20747371658868713 0.2401345743254652 10.895783268129003
0.15447870511108042 0.114107257856318 0.23615325396824813 0.23335295305578665 11.030017456307187
0.11269043803182346 0.11435883203300123 0.1480031603962563 0.04897193517295692 5.224790246125856
0.10006857770593189 0.23514720146782586 0.157732090721737 0.15194191716313493 9.83664006189935
0.011307483435957916 0.05617628504268715 0.15565979627596177 0.22507190250752404 9.254864829399867
0.09157168978949565 0.17918524987082354 0.005528515043548787 0.07085535007222601 5.977470622541754
0.1618477391278367 0.02499765006496954 0.03984253298541121 0.17574617893321234 5.762103930109702
0.023746306717202126 0.11554945903399008 0.024014233643722543 0.14377103138072928 6.071871564139309
0.14572146400916686 0.08257240403194324 0.15673762671916405 0.17633501399671414 7.2097334855723405
0.2045977324142165 0.07161077732528096 0.13421537283826762 0.22161090839225517 8.144195769670208
0.06728199477953206 0.23861453383713607 0.18013290238933757 0.08999789265634767 9.450482549788415
0.09758607169702632 0.16647835344772147 0.23160339462684393 0.2317938006976777 11.893958554341538
0.012197136458869107 0.010585763926453412 0.17369979277432793 0.24944576352757147 10.469745386007526
0.13800697575775459 0.015669514404381718 0.13164529626764718 0.06952723612155651 4.466158238964117
0.09024743290030424 0.2311136452748001 0.11025115869162486 0.02893510207370309 7.533216379956217
0.09717815911136315 0.038199815064806186 0.21477093031126918 0.18570881425082705 8.93793268998622
0.19243416566382093 0.2407398668081206 0.04598257115995799 0.19734413464415537 10.114322360106204
0.03056453311658852 0.21003843145133355 0.13501524200843146 0.11850736430908959 8.516338729133684
0.1547798150685533 0.16619409538256621 0.220204938613012 0.2056515203915055 10.219699920758032
0.15847473505754908 0.12037424902616053 0.01909326291600716 0.028194235851665167 3.431099327096508
0.08370384483269222 0.04688860293504843 0.16357632218007673 0.12463781510706437 6.169024134932318
0.09046187740776948 0.24963789015790763 0.14516563712713315 0.10729501698442664 9.380851929869053
0.1603566540148624 0.134829059560047 0.21034065259516055 0.011130023319487092 7.06995066145527
0.11706137635730252 0.20072506743879925 0.15305251336189202 0.05063199436718635 6.979000403728686
0.053794421692861444 0.005636771616028324 0.1225812457666425 0.0436095682840284 4.238217699475922
0.10499854452630794 0.1773665573226345 0.1501536557128164 0.08232769254548658 6.733181977053521
0.13537774583561873 0.18087764862144112 0.09699689948686246 0.08050395081672507 5.794866501422012
0.0944989429188646 0.06609002242982351 0.13983247403389 0.0993397640307361 5.230390593483384
0.24927682229336232 0.024393325192610976 0.23720838821998297 0.10698246199136732 8.095503237460118
0.009834130474246167 0.040719168842116266 0.011521895685168843 0.05359756953518402 3.3383337330865785
0.10646601507043191 0.23782957463453402 0.13710314776074767 0.09857620761502547 8.53901727481283
0.2067357448021477 0.17085533821078325 0.14430986716601824 0.007310781248964282 5.0338042398288305
0.1820906289983066 0.09305749445360087 0.033226005818018545 0.1424428374396708 4.842997329047083
0.1428106474539954 0.07828705639113281 0.23826223412309036 0.10852023121905749 8.15613345596212
0.05858866705541532 0.10168266932112155 0.046723737277200555 0.21959617928365704 8.42649856829736
0.019590017025407552 0.24777267009209178 0.050240927964424725 0.04646146251462854 8.754700641898985
0.21945041139097526 0.13433767068474772 0.09785123872814616 0.11392118405911836 4.6408798662789845
0.05734513648045564 0.1611415206105741 0.02347512747205427 0.10881116239774816 6.21028654115915
0.11099865314026505 0.0649531935515659 0.13854721090871167 0.22629445452220986 8.777168557261563
0.1263027263278259 0.23615888113426603 0.11264333295772544 0.02538684018905435 7.322863170903482
0.1020723299948367 0.07770315052440915 0.16108705983152657 0.13463070972553795 6.398597858760445
0.020392631506819858 0.11410000423706951 0.1687241237995981 0.09537011717452198 6.599883507529764
0.03399645435707213 0.08681899195019405 0.0033209294585351268 0.053175381621255596 3.7786733445543015
0.22216066704716575 0.15247861222160614 0.06037336740382526 0.1576238068410263 5.778430715440265
0.11572107800407269 0.031968659806152405 0.03350458972938636 0.15686384294313593 5.2187055358298515
0.06997942477264407 0.04187507448753994 0.02108576032494211 0.02617325895764272 2.9815215302571625
0.23151216677706188 0.12439537899018369 0.11023103879152316 0.049067405074100234 3.684342967683499
0.051189888953336954 0.028309677223281787 0.023898467726318873 0.07542215510359407 3.4768055573682415
0.041077144259805076 0.181511688053263 0.025470671760562086 0.21354648258203007 10.310976508566338
0.007306638962118472 0.03510621656131832 0.04789471024964018 0.22217311926372382 7.998258340331601
0.06450792767080829 1.439409798071889E-4 0.20122770163281492 0.10393124753220964 6.966212946361949
0.09991944027406621 0.040691277653889524 0.1632650626120198 0.11402347079079295 5.899910521877889
0.006924336004733772 0.031122672740708263 0.22282080202518875 0.0865500380114228 7.683500800447929
0.1984241154857655 0.13127446992480543 0.17418431113706834 0.14620638090999535 6.729653129452359
0.1402005874770211 0.18041407326345346 0.10429567412812152 0.014925871911727284 5.313965562721623
0.16321539052241352 0.20985500516851402 0.12126169973110273 0.2414478066311184 11.191109273790826
0.12165771229044284 0.12448794950552386 0.24397735667253287 0.02676135462331819 8.640369505130659
0.06047462074820997 0.15549982355962963 0.007822323966493988 0.1399094613810986 6.868435805472451
0.19210479335532327 0.0901173811599437 0.09067018805005894 0.21673230374482602 7.619752878916447
0.15718519459342525 0.039338689634292434 0.1767775269977281 0.00878817573330204 5.453320054145745
0.008111710107892495 0.1113055409487845 0.1035131034144545 0.1509103924989766 6.6105744516515745
0.10750836481408566 0.06622147261979375 0.0773420960877248 0.24364191685950523 8.999093032330078
0.17589629992114988 0.08853483474207657 0.15099816286491588 0.001135188978668683 4.658851555258808
0.05415238881669751 0.2234830238606118 0.22335605572798978 0.14601284802058356 10.896187501205654
0.11670868117057917 0.03803375981477175 0.057160092259400275 0.14015573831184833 4.838373184184053
0.18086780080711115 0.1807608601293579 0.2074689399491768 0.2244176538810446 10.507021354081978
0.20609562823470257 0.2312567985293378 0.06544467874198587 0.10086224927210563 6.605556330448247
0.06470153142052842 0.047311037631099756 0.19794423363486155 0.17827549619960661 8.376449546804256
0.1919276922013971 0.23727260605824207 0.053263782043251634 0.11542792252730966 7.417108841947253
0.23914280748781785 0.15576752793504525 0.1573419194518127 0.18684395047818497 7.371692612463353
0.2085720339284115 0.19325585600003312 0.1427448204015276 0.012681498817012998 5.371467044517085
0.19179354200720639 0.10379034466895795 0.08483685559982082 0.18773310744490737 6.550759700352407
0.017093635289329973 0.19077800436592418 0.16568253127954286 0.06453057728945821 7.754501308764906
0.08269610786096337 0.09754781602931875 0.14643086697766045 0.1420683110254549 6.536912386927991
0.16386779751142108 0.2280923935325858 0.0032007968064508008 0.18475627670098155 9.98981133134717
0.031951263088145165 0.2034782463546697 0.11981627683089113 0.09587172226628554 7.724527285742865
0.062486687431521 0.24110881693966538 0.1331323844111789 0.1959993437253562 11.573576610599174
0.1377590374339847 0.17727633387547773 0.14314877824187966 0.1597330933197153 7.847376092632752
