0.06634279401026072 0.03825308719967638 0.030624386989146435 0.19325812275103268 6.634701402177624
0.1985154243554453 0.1015496083770499 0.06948741536858735 0.0913400098722836 3.8001908806903577
0.16177204289227004 0.026906704184387314 0.12997718140332998 0.09471868326626831 4.682836946026057
0.1750976416373942 0.12609025402619367 0.041159471347021165 0.22793799171431395 8.456706367918427
0.22413942949002305 0.18162212663980537 0.11822471015081684 0.0332374130393307 4.53904541961826
0.24197084763975382 0.16720757178492765 0.2108081165829248 0.07829064091422605 6.529613486486615
0.09174997984624791 0.01680878673472322 0.14346394038608412 0.05429640113344411 4.69603573370145
0.08824903348924781 0.2350664410740008 0.09838058640793101 0.1962103036639611 11.060258061556873
0.024967819658824025 0.1390852970782144 0.08344125856601484 0.1487518723975348 6.8703725585410815
0.192342998725196 0.12047707049978382 0.13581475858955733 0.020229433396431823 4.341286327704383
0.18042622591566984 0.01699309578181976 0.08240361951763078 0.2111960663903148 7.356654214538979
0.10632812885033069 0.23508135819174197 0.013681875455880121 0.17648302252116538 10.645052157638828
0.04271136515509291 0.1682668431287139 0.1267223255401982 0.07725282796669578 6.48400794593761
0.0986648580817015 0.21138116460256964 0.006543256909881889 0.054372400275115196 6.92803522783742
0.06840266544226678 0.027356888068755164 0.2422971369960413 0.10562720003858897 8.494172162378977
0.06640462702225322 0.18155382018084068 0.0162788440892091 0.027080736095132507 5.74691059372752
0.1098525391158219 0.0683991572172565 0.20924866264488085 0.08322936210753443 6.943338119797882
0.1905140751244674 0.21650017635619032 0.13514531005027225 0.0015105143441053182 6.071762289797765
0.24858830840031285 0.07132770820792902 0.0019067181375164166 0.0441932702737953 2.628611230005263
0.12045036893626462 0.2190705203842379 0.09282164987558586 0.04471333656106316 6.7222750201505725
0.23071910122996783 0.2313253019404814 0.22460251337934778 0.15611018026923246 8.99934523624326
0.036620448841396536 0.1279136569033304 0.014199973544763822 0.14638233755635113 6.399845789212789
0.009230623396192322 0.12430732311764861 0.12627254903200433 0.13929753029053038 6.804677959993217
0.0018569518608481106 0.10089443018418714 0.22717936367664962 0.23947754730778473 11.658121264742455
0.21055051662223306 0.10363430489194003 0.08938190218699862 0.24742336704273418 8.958938738717027
0.07554373665115585 0.15952513707349295 0.17222059785144708 0.1635544682150831 8.559228733101342
0.15526715838605504 0.01574843358300959 0.05117479451818879 0.1503066706977342 5.030104703012186
0.22652369189771085 0.08835593138652098 0.027919524977170596 0.06786627231165257 3.002034751953896
0.12538476024380504 0.18492929487387333 0.12776028872238424 0.12221392795307642 7.049897239760504
0.14342175982688818 0.195769727491832 0.2293569866788934 0.06380978182024469 8.705752188541283
0.13299746587536637 0.179864205781909 0.02404082587830006 0.0014722176261227626 5.013900114372954
0.10351589142532966 0.10512682118977593 0.11848298190549952 0.248785728921173 9.937691596330504
0.0077654080498618105 0.18722844037899272 0.12499150727519423 0.19971912630397182 10.111967807202104
0.12378882224938251 0.057704510247779284 0.028292967595063806 0.03604345998225811 2.966017515862721
0.1830753642653196 0.12997062463883594 0.2262978724569407 0.10160983857790587 7.5923438275293105
0.1802934096274078 0.021377124546594795 0.16505409603904886 0.03758043669550834 5.059048411828693
0.12326902800235906 0.23049869593020014 0.17486001929087333 0.008301672816645539 8.208645676233665
0.09446442572589756 0.2114817128102389 0.21533918679154018 0.05966689867273686 9.089045003994476
0.14682148505469136 0.03146164106676275 0.002170894175604926 0.0905364014192428 3.49119229631822
0.24750954541946812 0.1928146822524393 0.16712622445048325 0.08306595240080056 5.6347579583355145
0.21285291746422805 0.19932238421792423 0.19607648457580157 0.12964068424389344 7.5551595760139065
0.0965123582430891 0.044204774085414233 0.14672127515204592 0.16251937474021008 6.663287027207815
0.05085616363914017 0.24841715593797495 0.06892584071831015 0.13726485543330622 10.137131944902006
0.02838026071326008 0.12960759858064477 0.1357625218354578 0.24256950948915093 10.546572975006828
0.07602311061653283 0.13569656374365388 0.24261864187381266 0.007180483602522741 9.156132806936045
0.15026999682920364 0.082167140567139 0.24506331670738554 0.1992875284328584 10.107233733436026
0.0950526047900769 0.2388437979430017 0.08355816514053449 0.16495692512072851 10.085258979353785
0.17762366765052978 0.17018944974362374 0.034552049683388236 0.22997837393309606 9.45642142522326
0.11982275089348948 0.04296519500818502 0.23301749322611523 0.24383721408449768 11.297298909584889
0.1434480317791497 0.026473913651646724 0.18106659526241634 0.02543268986793898 5.614148561451356
0.16881040663213967 0.17354851210145297 0.1909266906216538 0.12763362978594706 7.549792562267819
0.21496988225163544 0.034947359350992 0.10826122415622025 0.22179608219099792 7.91441573994277
0.24864070363812263 0.2258841853383222 0.22358884240603588 0.013963223805951969 7.565924989273558
0.2163004017635454 0.23104632762768268 0.00538371046466421 0.19162598798060881 9.491256879902302
0.02064934439907959 0.15364497941386018 0.17833275026713627 0.21364360842035113 10.39880397358974
0.01824113830823565 0.1347928495950051 0.22418053375732785 0.04620647003373621 8.36799303532482
0.21984056357810597 0.041819187554809734 0.10061006263135894 0.21456933874071235 7.497110125643837
0.01886462049832116 0.24800899314937758 0.10568793106677823 0.033691284792986 8.707021593997965
0.20612351268825074 0.15169284716542342 0.11154468750481716 0.10088924056900517 4.897925515003976
0.001002252789662178 0.009615518454723831 0.10116660315899148 0.08014548664476712 4.306353627623398
0.09020991369811135 0.1880762027729118 0.06644228168142316 0.23080487296407598 10.818038890821853
0.21527238880410457 0.06545998256033433 0.11393795115824218 0.033055921964931845 3.5534909531050634
0.1890557610211238 0.05146973449140782 0.07726763325622135 0.13881060974707699 4.754958333455415
0.0997813887462683 0.021619518704522306 0.051379567798198134 0.2293808778125807 8.081459408995716
0.12822992305298733 0.15036505997880187 0.04459778139065418 0.19069548982819637 7.797533285568274
0.11013047156629036 0.1626237328545407 0.13883788731621519 0.07270927031332863 6.0482365951727814
0.22109242457246878 0.16137609329793023 0.15705860272377262 0.08212725538926155 5.3327245981272045
0.1958611324735587 0.1785428703919056 0.1097157313010867 0.11659961714362155 5.778317447428795
0.06716524068092941 0.18739564385924662 0.12875278474453114 0.08413886750294819 6.967471782110998
0.02197199419534318 0.007386738334431153 0.19849261167040363 0.21366911396482044 9.563762538320876
0.12457840781020615 0.07647288914787828 0.007686906205953886 0.0013377487224583984 2.9759803368891546
0.09663988307445623 0.21175954904263777 0.1759355746539082 0.10250321009289831 8.444350066287258
0.07397424335864164 0.22660695842890594 0.20070550950605345 0.12115818937136841 9.869360779277283
0.0287779332072699 0.12121608325751615 0.22825841529402977 0.11695582630117868 8.742050838131094
0.10375254467747577 0.014152018292930363 0.1729398907042251 0.24497707207260547 10.069690683091746
0.2015635451064791 0.03426444831337297 0.04448705192792157 0.014910757190927576 2.6915246006544944
0.05903952357713496 0.04602902459260419 0.09227954611470676 0.204413416438835 7.450914535643593
0.21056900395258288 0.0864607604548703 0.0387889404536059 0.23607434328522758 8.159454320050386
0.20926328933363222 0.24843965642941696 0.0018739545796987445 0.07863182582005715 7.350888448734999
0.2276275559787969 0.2035410773934035 0.19702420794848216 0.21086987891249562 9.558931674016883
0.20171876116183932 0.11727755017528269 0.16617257662173465 0.14097040694856353 6.306402614170052
0.014067816971238822 0.12103581876231734 0.09927648416299864 0.15500400681049062 6.839092712325899
0.08100470951448999 0.017932302622089724 0.04851091535331464 0.12571323133853823 4.481258072650011
0.11944920525832645 0.014312132853910947 0.23262110114451698 0.09677541464291584 7.919564592964229
0.06671587236625573 0.23468143388692314 0.1907503471173944 0.21832783291200217 12.563285641128967
0.11443136816613328 0.09548932250050582 0.020888563145718325 0.19669616445320373 7.105566924469466
0.0942728141767856 0.03236571024824819 0.07797965800635318 0.23498795413206117 8.49360501424583
0.01891027009925414 0.09617286112568885 0.060681048342192984 0.23149594975849103 9.034251341968524
0.1862724755546966 0.05554309390921677 0.13378600354625983 0.0197018916914809 4.056531630538668
0.14905383858076426 0.11745210996535926 0.11539980539801448 0.17707959826985617 6.906658153568849
0.03424213905840584 0.20281661741790236 0.05410312897386721 0.14986674530716118 8.704887354115138
0.16936997983450186 0.1411072134679818 0.23154118591484274 0.13750815033208444 8.464611609124706
0.2331796567103078 0.1765315857137206 1.4472571799190037E-4 0.10356887410240384 4.926968850258941
0.19843969819312907 0.0584703751432879 0.15401918511658355 0.1795737845029042 6.978139927909343
0.17376273357805833 0.2205372638314554 0.23343061063845233 0.10445088834193361 9.165424162302807
0.12944826316300673 0.1358868623463116 0.029772311898890014 0.19503892967818576 7.64739535823878
0.1596100962356625 0.12120854077646928 0.08841367255209248 0.17246548658950214 6.480411879370053
0.13914710813791928 0.1482210782390975 0.2014125208971473 0.22510992645265773 10.390394562920365
0.1294773683978051 0.1094227294651636 0.24071531171461327 0.2213364455639374 10.88801048088321
0.17137934312539518 0.22435297304851715 0.2051741003453871 0.24421540017134402 12.204536688172695
0.17677043224870187 0.11368691687581575 0.04147722179283511 0.1060470522743722 4.231575191118368
0.24380169027488402 0.01111012727459526 0.1499203172976434 0.21265985551024283 8.366841702602466
0.12125911824800678 0.12711112302405167 8.373014634041609E-4 0.0861763471778039 4.562082086310452
0.23893561467547167 0.07458082925920081 0.21646555938464906 0.02022264200293447 6.599097156393264
0.20037401124827955 0.013422587913178963 0.0660375507605016 0.2334034586264936 8.236222876591494
0.15318053558084663 0.02025341457692509 0.0789709106504802 0.005272690455576157 3.1436035115213135
0.009969228745064451 0.13971653261796044 0.1521717262700518 0.12400028372700225 7.164937586677202
0.08992184023777894 0.12592725112529102 0.11267084290004847 0.04646930564006599 4.81960724960142
0.13693390507737524 0.03613867453650496 0.19608053764982789 0.2196329691043713 9.426958256892606
0.09536659106376064 0.09384063178818053 0.064688939612952 0.0366193388393832 3.6499694339169784
0.23853529886692743 0.09519480757859836 0.06640233652424024 0.1522923665995038 4.932493579349542
0.24823968374032726 0.09096085610414101 0.1772003841460031 0.1107610125963712 5.638000155575974
0.13587624075010618 0.13588277761656967 0.2252869107324978 0.19167382984893133 9.73574515529707
0.226973311577451 0.058881924863585844 0.06469910134026718 0.06304479760842135 3.0848577914292354
0.051349788399592255 0.22034216582966082 0.09978035919331377 0.23582668137457047 12.42196071264771
0.14052251792991216 0.08727505269809882 0.2096272935681568 0.19948154520145334 9.152490550635374
0.18247387853279454 0.17321696370186637 0.18338878516207183 0.22839365839065415 10.122458161355432
0.22143965290549175 0.2073373462174062 0.003125239847317496 0.18612828463887618 8.357096807174251
0.11698881868962557 0.06642659514504981 0.20082863599465703 0.21826058313641017 9.591879099667473
0.04234057388789089 0.024183970103870717 0.07015912699652774 0.014781912913312323 3.277848331068368
0.15660036563592936 0.24454056764465784 0.23147148493586678 0.08993670191476777 9.792716009712828
0.2293953595480914 0.1696291245056843 0.18078475724596266 0.02075116951296274 5.64848521372513
0.17925129836767828 0.02845207250958115 0.24949111098628424 0.055485847376052916 8.370973934111097
0.2089763899055796 0.11930109094603375 0.11180492176613963 0.19977715547536318 7.221521899150565
0.23230421208315236 0.04754584778845117 0.1012206556017223 0.0613288738148878 3.5487098931338794
0.08609657515166316 0.2305367352819963 0.1355782975664121 0.13367270912666748 9.161650818240354
0.11151837963092659 0.21305561089540456 0.0027276284600891987 0.07573760383828743 7.183578617057687
0.06577057648307755 0.17000073051837444 0.1252375771335883 0.1467510039899822 7.717644225533583
0.24320350552107373 0.15780639872199248 0.20311471800107322 0.03534060020007279 6.069851556605849
0.14093177744372526 0.2124748116417762 0.07807479443231477 0.12761360489243725 7.503213064560029
0.24943316871598856 0.030037083162717998 0.02155400574749819 0.04146111105565728 2.7758104841801394
0.0830378918635824 0.20476237929685953 0.17135151752225272 0.013368357067742004 7.775650906054326
0.13870077742559572 0.0914984203199749 0.028562623932779474 0.20960747821793912 7.433222040481938
0.08399797248055121 0.05115382593733686 0.027291791319946218 0.24584738712475088 8.948406578446022
0.12690081908483183 0.1325219106290981 0.20452746848184783 0.1379363138275174 7.9221345175489795
0.21055362996584245 0.13939777275114304 0.17651567771169932 0.07189554411265828 5.579215391645675
0.15601826412842085 0.02925478532845935 0.2209869342268102 0.02300877785880376 7.176396934665311
0.14474729163124608 0.1886236375584916 0.02167108841820098 0.12229958004244426 6.66189767223715
0.24040888997702786 0.0807564952355119 0.05267737194903685 0.013660241386150185 2.5970083522988614
0.24661033002797095 0.06316082815299606 0.16552184163624656 0.016428407408415918 4.763475512760622
0.08305340061361638 0.07615189618178322 0.19085218011223426 0.20630371087240326 9.138975230116095
0.037703814346960435 0.15869980060800182 0.030249710501455612 0.05215470512978901 5.312974312777001
0.21666804297151354 0.1045365461832671 0.04088123274083877 0.24748720340910316 8.79931804424817
0.016644776297655428 0.029740398090239845 0.0072282248966263896 0.10312822349467099 4.047285868777621
0.23705468305733132 0.1828293925182465 0.14963856934680636 0.07202555434151109 5.173471239128469
0.030250741512465845 0.23977271156559282 0.18902616042504441 0.15797108746606653 11.105750909304273
0.008573015090570152 0.08926814271706321 0.22068607629881054 0.1175267931909737 8.21380304877765
0.23643534178547101 0.22813579784534405 0.047898395979644987 0.24846539864084857 11.113505592880891
0.0341178162916341 0.10274265537786587 0.18776099799260168 0.16863355254400253 8.34871775552149
0.00748788398983527 0.04999956527556962 0.2375220346117984 0.07630347061157305 8.281475077964938
0.24448397089150334 0.16066166157665848 0.17957511711260407 0.046799711013156775 5.3517362700856514
0.18486960716342743 0.1584151718312703 0.007235560400229796 0.21047099615943576 8.361299613578355
0.024502189033309058 0.010548109944842288 0.021433358524472063 0.17392265112007588 5.952512984910459
0.15915947194216276 0.20987913974713002 0.03053888318300424 0.03983345308857178 5.846513456965834
0.1058280938476372 0.24305848529812168 0.23167970638010002 0.10065140584891091 10.538503248522282
0.06128233490249091 0.1873566785954643 0.012112064342186146 0.22799608997083468 11.13283145529887
0.018767637762064193 0.15662136222499956 0.03347816848571186 0.1526910430555339 7.3556340266343225
0.16365223464590412 0.19720934084950392 1.1046560803881778E-4 0.2300077445945467 10.689028267482588
0.10802152691468686 0.21639054910666752 0.21493664957484698 0.16092352981580654 10.359456619599726
0.15236371110475933 0.10897247017760978 0.14299429847424347 0.24297889785364657 9.653570794762995
0.17973155699014925 0.182708130542646 0.23308152900415832 0.05366550971731879 8.179151098924798
0.24406384951203122 0.019427635424434625 0.19265021374552072 0.025184195381629915 6.057007962516316
0.1597116306175418 0.04677267983494743 0.019690780299452537 0.15188317371058946 4.946675406298445
0.18363795375048303 0.08491548631024076 0.1180628510671334 0.08071975957296743 4.218498340173996
0.20524629073080428 0.22370801469769758 0.009493374053178849 0.07068460723271977 6.1753712175387925
0.22134164296935552 0.07833422566703474 0.006294112754879538 0.019285682621233396 2.566367526934351
0.02533954561894386 0.015727751081182573 0.22374288914511828 0.19290995626962013 9.579698577696181
0.23051215138683587 0.08976908395130867 0.2400280128571833 0.21316389469411445 9.932968865001992
0.2267968554569575 0.17059103386519164 0.054673034671931825 0.24313962556909263 9.431795121292392
0.18949166800724568 0.10219808584695211 0.003438841553505878 0.18596180346246674 6.358203037859196
0.06602304673154391 0.17304466019507467 0.20884294609002954 0.05294092058875999 8.236744932249955
0.06389552411088648 0.23621942950554387 0.2306405759144257 0.23019200899965467 13.630042751261149
0.0489189703357856 0.219447031957385 0.07988011628225616 0.17067338923196165 9.871521105701941
0.18785804848167592 0.020245777550813415 0.17347521193502966 0.0632583468446637 5.430421149623296
0.13375975356591732 0.1382691177782684 0.13362863320040583 0.03167320603773757 5.022974924682414
0.055388888917287576 0.10511077853183615 0.07789795072961 0.14391868059186422 5.931829789782574
0.10443740405236226 0.08166785172824245 0.20121071704186633 0.21713686791653625 9.689322800573061
0.24547263675073328 0.15453311981439705 0.0207169529148562 0.08379461670717772 3.8279034261795637
0.24395061772079712 0.1258272217596888 0.13800920067272823 0.14252457948802555 5.5359864974488815
0.01704451753784339 0.20538348088650654 0.020945581031020927 0.15099859087319942 9.074404579741113
5.246102827176635E-4 0.2302623465381869 0.11907890341482166 0.07880357662354592 8.523522665074061
0.17247502375513227 0.104199604248471 0.10252480118741117 0.1754485414038671 6.40774382425431
0.15124372935636288 0.06878189613949462 0.15399461455217592 0.22235174948577838 8.687673028044717
0.10069625452514919 0.18889488080317884 0.047673710347811565 0.22794053521219876 10.675879596386086
0.030579720734179222 0.05730416831182103 0.2166435491300432 0.09184182298139293 7.513752457384314
0.2236028065488343 0.19710570603255334 0.1426258846565788 0.007549619613687969 5.239878216018336
0.20369844501323062 0.21622208450558392 0.19797006131985231 0.09292649130950698 7.520107842560549
0.13185998684991584 0.19512296476028418 0.03000941650082059 0.18442926358623507 8.876161587265738
0.026927808208672105 0.06751244530997458 0.20218045743413646 0.15404472913146208 8.085134643841412
0.008752215725254808 0.13385293245175717 0.09462844560546216 0.007579641280105798 4.930750887683921
0.10026982736391815 0.07928480449342556 0.019415699452736968 0.14916962575332945 5.329230473341284
0.0032043960941085248 0.20075286703226214 0.12190397921345317 0.049655134437311815 7.220168253460959
0.17933948488155915 0.23296517276478795 0.1703998132046494 0.13581810454503854 8.471016562422836
0.025609037546478336 0.1991867225980745 0.03073184948875579 0.023381274848937428 6.530011965141542
0.17661338385826972 0.1008099793701848 0.23107180138003977 0.24914274173973383 11.274256366571695
0.002592036080737825 0.24914614165484678 0.04501557152940003 0.1666515798782577 11.416887876365845
0.19437080413105307 0.1339454970544118 0.20770892580821673 0.15542609712867295 7.813515017443008
0.1893498214622552 0.1657821702964214 0.2306319370897306 0.005874414633850272 7.983956289660676
0.09421015082896833 0.17362811193572297 0.04554911633524841 0.030797795009658374 5.234887690742332
0.20069073035236837 0.18469291442579075 0.13708722102048537 0.1196403803866751 6.211263496337267
